observation_ID,gamma,kTe,nthcomp_norm,diskbb_tin,diskbb_norm,red_stat
10258-01-02-00,0.944171,1.31812E-05,2.27493,7.98857,3.74932,23.745208333333334
10408-01-42-00,1.01387,3.11723E-04,2.42326,12.2701,4.45424,265.40803921568624
10408-01-45-00,0.659930,7.43723E-12,2.43785,19.8685,7.12755,74.75192307692308
20186-03-02-05,0.731863,3.17541E-11,2.56586,50.8018,7.22535,107.88133333333334
20402-01-01-00,0.732321,2.88741E-12,2.59900,99.2503,7.76940,138.74977272727273
20402-01-02-01,0.675770,1.30034E-04,2.61414,999.523,8.81938,134.2053459119497
20402-01-04-00,0.828082,671.119,2.60496,998.365,6.32076,120.5086559139785
20402-01-05-00,0.662655,847.591,2.54416,999.442,7.62327,47.62786384976526
20402-01-07-00,0.690745,1293.13,2.49231,998.726,6.25598,31.794604166666666
20402-01-08-00,0.780938,1180.24,2.45754,1000.000,4.74116,38.18945692883895
20402-01-08-01,0.794038,1207.32,2.42230,1000.000,4.24554,43.58328231292517
20402-01-09-00,0.759222,1366.63,2.39280,987.683,4.14591,54.646059190031146
20402-01-10-00,0.796592,1135.94,2.35260,999.998,3.45917,74.88130747126436
20402-01-11-00,0.774532,1269.14,2.32163,1000.000,3.26042,95.26005333333333
20402-01-12-00,0.785516,1148.52,2.29503,999.818,2.94369,112.4667039800995
20402-01-13-00,0.615666,3711.42,2.32436,1000.00,4.01847,123.91048951048951
20402-01-14-00,0.856116,855.641,2.26867,1000.000,2.34172,133.5217105263158
20402-01-15-00,0.648490,2630.09,2.29405,1000.00,3.38478,140.7765010351967
20402-01-16-00,0.867623,722.355,2.22881,997.914,2.06385,147.43088235294118
20402-01-18-00,0.694183,1915.16,2.26099,1000.00,2.83053,147.4463687150838
20402-01-19-00,0.644939,2568.43,2.25310,1000.00,2.98813,150.8299645390071
20402-01-20-00,0.695834,1783.41,2.24039,1000.00,2.62427,152.5276649746193
20402-01-21-00,0.885634,637.350,2.18613,1000.000,1.75491,153.04441747572815
20402-01-21-01,0.769760,1188.42,2.21173,1000.00,2.14765,151.9279069767442
20402-01-24-00,0.764665,1211.45,2.21241,1000.00,2.16514,146.49397321428572
20402-01-27-01,0.777342,1135.54,2.21484,1000.00,2.13388,139.62567954220316
20402-01-47-01,0.906126,596.927,2.18191,999.991,1.67719,132.5404269972452
20402-01-48-00,0.739878,1409.99,2.23000,1000.00,2.36179,123.88054448871182
20402-01-49-01,0.864181,716.353,2.20521,1000.00,1.88180,117.20557692307693
20402-01-50-00,0.699203,1789.87,2.25246,1000.00,2.65917,110.9400867410161
20402-01-50-01,0.862348,710.492,2.21447,999.991,1.94388,104.89730215827339
20402-01-51-00,0.837411,795.178,2.22478,999.998,2.06943,99.02619047619048
30182-01-01-00,0.841887,779.766,2.22485,999.078,2.07206,93.74138513513515
30182-01-01-01,0.838547,792.296,2.22884,1000.000,2.10055,90.18142076502733
30182-01-02-01,0.841311,785.527,2.23176,999.806,2.10683,86.62468152866242
30182-01-04-02,0.636813,2750.38,2.28203,1000.00,3.23140,82.83395252837978
30402-01-09-00,0.592556,3981.08,2.29376,1000.00,3.60411,78.73644578313252
30402-01-09-01,0.813338,884.774,2.25774,991.620,2.32742,75.3731182795699
30402-01-10-00,0.805798,919.547,2.26219,999.509,2.39117,71.48338095238095
30402-01-12-00,0.780514,1037.23,2.27434,1000.000,2.55161,68.40626740947076
30402-01-12-01,0.773437,1071.90,2.28072,1000.000,2.61861,65.65778985507247
30402-01-12-02,0.761880,1138.10,2.28727,999.603,2.70819,63.10972590627764
30402-01-12-03,0.453977,1.93731E+04,2.33447,1000.00,5.28161,60.62443868739206
30402-01-16-00,0.774865,1044.48,2.29091,1000.000,2.68209,58.836075949367086
30402-01-17-00,0.775259,1050.34,2.29225,1000.000,2.69774,56.566584158415836
30402-01-18-00,0.447347,2.14120E+04,2.33662,1000.00,5.41456,55.2729217110573
30703-01-14-00,0.766758,1093.02,2.29656,999.895,2.76966,53.122630331753555
30703-01-15-00,0.415226,3.66112E+04,2.34412,1000.00,5.94888,50.77030162412993
30703-01-16-00,0.402817,4.59263E+04,2.34696,1000.00,6.17577,48.712007575757575
30703-01-17-00,0.393158,5.49656E+04,2.34859,1000.00,6.36084,46.74060876020787
30703-01-18-00,0.682545,1759.33,2.32235,999.969,3.41565,45.08500727802038
30703-01-19-00,0.371459,8.58310E+04,2.35423,1000.00,6.79930,43.38147751605995
30703-01-20-00,0.362048,1.03227E+05,2.35426,1000.00,6.97466,41.7734243697479
30703-01-21-00,0.681435,1686.57,2.32867,999.999,3.50169,40.603092783505154
30703-01-22-00,0.628341,2443.74,2.33765,1000.000,3.93512,39.334041835357624
30703-01-22-01,0.668337,1808.06,2.33611,1000.000,3.65034,38.23989396951624
30703-01-23-00,0.335524,1.95717E+05,2.36427,1000.00,7.62143,36.941796875
30703-01-23-01,0.332550,2.10914E+05,2.36567,1000.00,7.70638,36.03618042226488
30703-01-24-00,0.333776,2.03991E+05,2.36382,1000.00,7.66495,35.286540880503146
30703-01-24-01,0.688357,1576.36,2.33513,1000.000,3.53592,34.782683982683984
30703-01-24-02,0.334562,2.01203E+05,2.36336,1000.00,7.64539,34.11240875912409
30703-01-31-00,0.333855,2.04360E+05,2.36534,1000.00,7.70725,33.20721125074805
30703-01-33-00,0.336146,1.92797E+05,2.36597,1000.00,7.69388,32.413545347467604
30703-01-34-00,0.686517,1583.43,2.33350,999.820,3.55016,32.232898550724634
30703-01-35-00,0.673869,1695.53,2.33501,1000.000,3.64603,31.6222602739726
30703-01-36-00,0.328315,2.36948E+05,2.36073,1000.00,7.74614,30.869589657110737
30703-01-41-00,0.692391,1507.36,2.33082,1000.000,3.51174,30.369019933554817
40115-01-10-00G,0.662846,1814.97,2.33658,1000.00,3.75135,29.595303113052978
40115-01-10-01,0.671444,1717.13,2.33723,999.731,3.70103,28.989358836206897
40115-01-10-02,0.663189,1805.76,2.34073,999.860,3.78685,28.345693779904305
40116-01-01-00,0.306627,4.59174E+05,2.36604,1000.00,8.26320,27.743756558237145
40116-01-01-01,0.632324,2220.54,2.34732,1000.000,4.06653,27.301346452615228
40116-01-01-02,0.299147,5.96877E+05,2.36821,1000.00,8.45134,26.7114263803681
40116-01-01-03,0.293695,7.29324E+05,2.36894,1000.00,8.56851,26.21739020696618
40116-01-01-04,0.286902,9.43076E+05,2.36886,1000.00,8.69033,25.82190927218345
40116-01-01-05,0.656362,1865.57,2.34459,997.559,3.88355,25.54542097488922
40116-01-01-06,0.634298,2171.99,2.34695,1000.000,4.06802,25.14238813229572
40116-01-01-07,0.265016,2.35847E+06,2.36770,1000.00,9.05831,24.684983181162902
40116-01-02-00,0.574623,3594.01,2.35237,1000.000,4.61906,24.330555555555556
40116-01-02-01,0.261014,2.83266E+06,2.36935,1000.00,9.17943,23.855678085405913
40116-01-02-02,0.255823,3.60790E+06,2.37015,1000.00,9.29365,23.44628942486085
40116-01-02-03,0.254265,3.90437E+06,2.37070,1000.00,9.34404,23.03576341127923
40116-01-02-04,0.522904,6170.44,2.35871,1000.000,5.21573,22.60988667271079
40116-01-02-05,0.251276,4.47683E+06,2.37312,1000.00,9.48595,22.092971761541907
40116-01-02-06,0.247078,5.49704E+06,2.37428,1000.00,9.59743,21.65468971631206
40116-01-02-07,0.584808,3193.15,2.35990,1000.000,4.63727,21.290449364313897
40403-01-01-00,0.244898,6.11833E+06,2.37490,1000.00,9.67686,20.87187608318891
40403-01-09-00,0.244500,6.35713E+06,2.37427,1000.00,9.68318,20.52112087441063
40403-01-10-00,0.570913,3692.71,2.35900,999.999,4.78535,20.11788804071247
40403-01-11-00,0.244496,6.36670E+06,2.37454,1000.00,9.74297,19.581879983214435
40703-01-01-00,0.245855,5.93162E+06,2.37306,1000.00,9.69932,19.26736099585062
40703-01-02-00,0.516621,6723.45,2.35987,1000.000,5.39271,18.806600328272467
40703-01-05-00,0.244959,6.26562E+06,2.37385,1000.00,9.78104,18.393607954545455
40703-01-09-00,0.244354,6.54586E+06,2.37354,1000.00,9.79834,18.088220168742467
40703-01-15-01,0.505553,7784.29,2.36220,1000.000,5.56117,17.909558472553698
40703-01-15-02,0.241267,7.75168E+06,2.37498,1000.00,9.89690,17.609527372981486
40703-01-16-00,0.239653,8.47187E+06,2.37540,1000.00,9.94351,17.357851014040563
40703-01-16-01,0.614367,2573.57,2.35699,999.251,4.43713,17.18348590189262
40703-01-16-02,0.233958,1.15933E+07,2.37617,1000.00,10.0708,16.888096786534046
40703-01-16-03,0.535203,5484.96,2.36255,999.930,5.25416,16.72378363016294
40703-01-17-00,0.230106,1.44451E+07,2.37740,1000.00,10.1872,16.384253003003003
40703-01-17-01,0.506388,7643.91,2.36659,1000.000,5.63712,16.128785793975457
40703-01-20-00,0.454142,1.62452E+04,2.36801,1000.000,6.33027,15.780493736182757
40703-01-20-01,0.226037,1.83066E+07,2.37788,1000.00,10.3319,15.42876049653158
40703-01-21-00,0.458434,1.51737E+04,2.36811,1000.000,6.29351,15.258091534008683
40703-01-21-01,0.222724,2.24946E+07,2.37883,1000.00,10.4289,14.996984582287556
40703-01-21-02,0.436729,2.18364E+04,2.37004,1000.000,6.63164,14.832862473347548
40703-01-41-00,0.437576,2.13993E+04,2.37122,1000.000,6.64275,14.600766114829165
40703-01-41-01,0.417498,3.10298E+04,2.37240,990.039,6.96147,14.39222939944134
40703-01-41-02,0.218027,2.99499E+07,2.38241,1000.00,10.6367,14.158087573554862
40703-01-41-03,0.382381,6.35613E+04,2.37626,1000.000,7.58452,14.007328414550447
40703-01-41-04,0.415131,3.16825E+04,2.37657,999.908,7.07149,13.829379040489963
40703-01-41-05,0.365581,9.41828E+04,2.37860,1000.000,7.91770,13.641169028340082
40703-01-42-00,0.373161,7.69306E+04,2.37989,999.985,7.81521,13.453318835731015
40703-01-42-01,0.382195,6.26654E+04,2.37937,999.998,7.66180,13.28940610484406
40703-01-42-02,0.345787,1.55404E+05,2.38109,999.943,8.33050,13.110913129318856
40703-01-42-03,0.331120,2.35875E+05,2.38173,999.255,8.61804,12.93131364229765
40703-01-43-00,0.301720,6.03923E+05,2.38391,996.680,9.21708,12.762759792813208
40703-01-44-00,0.336893,1.96413E+05,2.38344,418.949,8.55863,12.689816955684007
40703-01-44-01,0.320256,3.25749E+05,2.38567,988.241,8.91292,12.442911755336095
40703-01-44-02,0.301588,6.10130E+05,2.38735,1000.000,9.31164,12.277533185840708
40703-01-44-03,0.280353,1.34756E+06,2.38882,995.220,9.75720,12.128289432423957
40703-01-45-00,0.267473,2.31467E+06,2.38913,999.690,10.0196,11.987132856253888
40703-01-45-01,0.271204,1.98447E+06,2.38942,998.232,9.95993,11.856832355665329
40703-01-47-00,0.258113,3.56495E+06,2.39015,999.802,10.2356,11.712231924019607
40703-01-49-00,0.261358,3.09621E+06,2.39015,999.270,10.1819,11.580405898449378
40703-01-49-01,0.233458,1.24860E+07,2.39175,999.999,10.7465,11.448194025347014
40703-01-49-02,0.235725,1.10847E+07,2.39186,997.917,10.7121,11.340582509733453
40703-01-50-00,0.243919,7.22997E+06,2.39178,999.988,10.5634,11.231640903686088
40703-01-50-01,0.238125,9.88822E+06,2.39182,999.956,10.6753,11.132623192682207
40703-01-50-02,0.248615,5.80022E+06,2.39128,999.466,10.4702,11.034374633860574
40703-01-51-00,0.231543,1.42834E+07,2.39255,999.721,10.8297,10.874467868566443
40703-01-51-01,0.230826,1.49665E+07,2.39283,999.266,10.8569,10.757215646651272
40703-01-51-02,0.214619,3.98074E+07,2.39370,999.997,11.1728,10.614379478360561
40703-01-51-03,0.220210,2.81984E+07,2.39385,999.994,11.0859,10.519420887877065
50125-01-01-00,0.226855,1.90272E+07,2.39398,999.592,10.9857,10.374040689460301
50125-01-01-01,0.204805,7.74672E+07,2.39513,999.770,11.4096,10.19642255892256
50125-01-01-02,0.235706,1.16392E+07,2.39385,998.030,10.8604,10.031418222346058
50125-01-01-03,0.208591,6.04738E+07,2.39502,997.415,11.3830,9.88455035971223
50125-01-01-04,0.213590,4.36991E+07,2.39490,996.691,11.3083,9.75351195383347
50125-01-02-00,0.200000,1.11522E+08,2.39514,1000.00,11.5491,9.628021288209608
50125-01-02-01,0.221596,2.69038E+07,2.39372,996.778,11.1596,9.53311737598265
50125-01-02-02,0.206238,7.28148E+07,2.39438,999.611,11.4441,9.431052773290252
50125-01-03-00,0.200418,1.09951E+08,2.39471,1000.000,11.5704,9.258130516180797
50405-01-02-00,0.215054,4.16973E+07,2.39138,999.990,11.2309,9.263097768331562
50405-01-02-01,0.200000,1.16410E+08,2.39181,1000.00,11.4716,9.268350488255477
50405-01-02-02,0.224340,2.43288E+07,2.38753,989.995,10.9510,9.255256948086
50405-01-03-00,0.212716,5.01700E+07,2.38877,1000.000,11.1770,9.204667882261006
50703-01-08-00,0.211427,5.53074E+07,2.38825,1000.000,11.1955,9.099930124223603
50703-01-17-00,0.212972,4.97610E+07,2.38933,1000.00,11.2047,9.006040113139624
50703-01-17-01,0.216546,4.00737E+07,2.38845,994.691,11.1304,8.917761880429229
50703-01-17-02,0.223415,2.63196E+07,2.38867,999.227,11.0203,8.846953541507997
50703-01-18-00,0.219194,3.41604E+07,2.38913,999.960,11.1173,8.74391397578204
50703-01-18-01,0.222027,2.88107E+07,2.38935,999.793,11.0778,8.664399598896967
50703-01-18-02,0.221235,3.01281E+07,2.38973,999.999,11.1105,8.570632785251618
50703-01-18-03,0.218388,3.60615E+07,2.39033,998.601,11.1831,8.487896756622925
50703-01-19-03,0.213050,5.05032E+07,2.39106,996.329,11.3083,8.361001476377952
50703-01-21-00,0.200000,1.23658E+08,2.39258,1000.000,11.5616,8.301604304230864
50703-01-21-01,0.212550,5.27690E+07,2.39053,996.512,11.3099,8.231656538648519
50703-01-21-02,0.213803,4.91402E+07,2.38990,999.987,11.2744,8.17493718289442
50703-01-24-01,0.200000,1.26313E+08,2.39135,1000.00,11.5485,8.076975264169068
50703-01-25-00,0.207690,7.39360E+07,2.39102,999.661,11.4172,8.029527333492481
50703-01-25-01,0.204583,9.21894E+07,2.39095,887.379,11.4748,7.9486865211200755
50703-01-25-02,0.200357,1.24647E+08,2.39178,999.427,11.5610,7.906080443500826
50703-01-27-03,0.206370,8.20562E+07,2.39179,999.998,11.4752,7.821628752345217
50703-01-28-00,0.200000,1.28029E+08,2.39336,1000.000,11.6335,7.71805315924458
50703-01-28-01,0.200000,1.29853E+08,2.39272,970.161,11.6275,7.63541956420955
50703-01-28-02,0.201572,1.15501E+08,2.39351,1000.000,11.6293,7.564684259045864
50703-01-40-01,0.200000,1.30256E+08,2.39291,939.879,11.6583,7.454160174152155
50703-01-40-02,0.200000,1.29983E+08,2.39326,1000.00,11.6819,7.355297334244703
50703-01-40-03,0.203306,1.02384E+08,2.39346,1000.000,11.6445,7.273460579972814
50703-01-41-00,0.200326,1.27402E+08,2.39265,890.743,11.6925,7.164808515431403
50703-01-41-01,0.200002,1.30756E+08,2.39236,611.641,11.7161,7.06169690860215
50703-01-41-02,0.200000,1.29888E+08,2.39470,1000.000,11.7809,6.978800400980173
50703-01-41-03,0.200042,1.30345E+08,2.39315,588.256,11.7635,6.893842490031015
50703-01-42-00,0.200002,1.31876E+08,2.39395,836.830,11.7784,6.852012557832121
50703-01-42-01,0.200000,1.32369E+08,2.39348,543.883,11.7780,6.808866126205084
50703-01-42-02,0.200001,1.33076E+08,2.39319,454.764,11.7782,6.763435388973632
50703-01-43-00,0.200000,1.34438E+08,2.39128,342.164,11.7382,6.728253142609449
50703-01-43-01,0.200000,2.77463E+08,2.14221,9.87665,7.31038,22.204
50703-01-43-02,0.200000,2.74234E+08,2.14454,9.78718,7.37091,10.568842105263158
50703-01-44-01,0.200000,2.98296E+08,2.21647,12.4537,8.61557,13.845724137931036
50703-01-45-00,0.200000,3.14579E+08,2.24475,12.2664,9.65823,32.747025641025644
50703-01-45-01,0.200000,3.24787E+08,2.26256,11.9375,10.5073,56.04232653061225
50703-01-46-00,0.200000,3.33482E+08,2.28083,12.8261,10.9569,54.830135593220334
50703-01-46-01,0.200000,3.36904E+08,2.30109,13.7965,11.5752,60.50785507246376
50703-01-46-02,0.200000,3.48863E+08,2.30549,13.0744,12.0221,71.54559493670885
50703-01-48-00,0.200000,3.66999E+08,2.30169,13.4093,12.3588,91.63033707865169
50703-01-49-00,0.200000,3.72329E+08,2.32258,14.8281,12.5972,71.85749494949495
50703-01-50-00,0.200000,3.48865E+08,2.29195,13.9076,11.4526,41.762311926605506
50703-01-50-01,0.200000,3.36297E+08,2.26916,13.2043,10.6697,26.07801680672269
50703-01-50-02,0.200000,3.30469E+08,2.25434,12.7772,10.2187,18.97541085271318
50703-01-51-00,0.200000,3.22711E+08,2.26007,13.4363,10.2988,17.279525179856115
50703-01-51-01,0.200001,3.23875E+08,2.25601,13.1112,10.2131,15.713744966442952
50703-01-52-00,0.200003,3.24008E+08,2.25265,13.0852,10.0932,13.577949685534591
50703-01-52-01,0.200000,3.20896E+08,2.24982,13.0521,9.99541,11.872248520710059
50703-01-52-02,0.200000,3.15185E+08,2.25086,13.4816,9.96165,10.47405586592179
50703-01-53-00,0.200000,3.15268E+08,2.25391,13.8194,10.0064,9.905174603174602
50703-01-53-01,0.200000,3.17645E+08,2.25398,13.5915,10.0253,9.59164824120603
50703-01-53-02,0.200000,3.19294E+08,2.25655,13.7163,10.0853,9.385224880382774
50703-01-54-00,0.200001,3.16315E+08,2.25397,13.8550,9.96776,8.062255707762557
50703-01-54-01,0.200000,3.13056E+08,2.25082,13.8827,9.84901,6.95564192139738
50703-01-54-02,0.200001,3.11257E+08,2.24833,13.9517,9.75326,6.122351464435146
50703-01-55-00,0.200000,3.12298E+08,2.25285,14.3091,9.85496,6.19829718875502
50703-01-55-01,0.200000,3.15076E+08,2.25726,14.9166,9.97383,6.557683397683398
50703-01-56-00,0.200000,3.17522E+08,2.26377,15.7091,10.1344,6.972297397769516
50703-01-59-00,0.200000,3.18097E+08,2.26179,15.8333,10.0462,6.246437275985664
50703-01-59-01,0.200000,3.18260E+08,2.25957,15.8895,9.96001,5.6253494809688585
50703-01-62-00,0.200000,3.20567E+08,2.26109,15.6898,10.0823,6.287344481605351
50703-01-62-01,0.200000,3.22596E+08,2.26384,15.6137,10.2174,6.894012944983818
50703-01-62-02,0.200000,3.26322E+08,2.26561,15.4766,10.3404,7.5844639498432596
50703-01-62-03,0.200000,3.28067E+08,2.26805,15.5079,10.4687,8.232942249240121
50703-01-64-00,0.200001,3.27373E+08,2.26698,15.7306,10.3755,7.305457227138643
50703-01-65-01,0.200000,3.25743E+08,2.26363,15.7035,10.2608,6.59978223495702
50703-01-66-00,0.200000,3.22902E+08,2.25894,15.5284,10.1151,5.849314763231198
50703-01-66-01,0.200000,3.19240E+08,2.25876,16.0028,10.0581,5.317078590785908
50703-01-67-00,0.200000,3.19102E+08,2.25926,16.3619,10.0174,4.852622691292876
50703-01-67-01,0.200000,3.22617E+08,2.25605,16.0385,9.92283,4.44331619537275
50703-01-67-02,0.200000,3.21901E+08,2.25605,16.3339,9.87828,4.068245614035088
60100-01-01-00,0.200001,3.20662E+08,2.25731,16.6937,9.85829,3.7337408312958433
60100-01-01-01,0.200000,3.19796E+08,2.25840,17.0459,9.84740,3.497331742243437
60100-01-02-00,0.200000,3.23614E+08,2.25721,17.0885,9.89566,3.8853333333333335
60100-01-03-01,0.200000,3.25170E+08,2.25926,17.5122,9.90791,3.7024419134396354
60405-01-01-00,0.200000,3.25778E+08,2.26194,17.5784,9.97748,3.7501469933184857
60405-01-01-01,0.200000,3.26606E+08,2.26307,17.7700,9.97980,3.586553376906318
60405-01-03-00,0.200000,3.26449E+08,2.26506,18.2425,10.0241,3.605765458422175
60405-01-04-00,0.200000,3.22252E+08,2.26892,19.4433,10.0668,3.4614154488517745
60405-01-04-01,0.200000,3.24742E+08,2.26538,18.4311,10.0180,3.4001431492842538
60405-01-04-02,0.200000,3.21451E+08,2.26954,19.5973,10.0722,3.2980761523046094
60405-01-04-03,0.200000,3.20863E+08,2.26856,19.5153,10.0434,3.168927308447937
60405-01-04-04,0.200000,3.19992E+08,2.26854,19.6185,10.0319,3.054824662813102
60405-01-04-05,0.200000,3.23698E+08,2.26444,18.3903,9.98769,3.0683553875236296
60405-01-04-06,0.200000,3.23531E+08,2.26728,18.7840,10.0638,3.162508348794063
60405-01-04-07,0.200000,3.20084E+08,2.27212,19.8836,10.1510,3.162947176684882
60405-01-04-08,0.200001,3.22671E+08,2.26792,18.7587,10.0815,3.0705259391771023
60701-01-01-00,0.200000,3.20091E+08,2.27536,20.7909,10.1655,2.901075571177504
60701-01-01-01,0.200000,3.23522E+08,2.27316,20.4083,10.0728,2.617509499136442
60701-01-04-00,0.200000,3.25816E+08,2.27277,19.9074,10.1165,2.770207130730051
60701-01-04-02,0.200000,3.25816E+08,2.27634,20.3414,10.2135,2.88669449081803
60701-01-05-00,0.200000,3.23511E+08,2.27907,20.5941,10.2807,2.914398817345598
60701-01-05-01,0.200000,3.21185E+08,2.28042,20.5959,10.3209,2.91996120271581
60701-01-06-00,0.200000,3.17770E+08,2.28125,20.6206,10.3854,3.0725429662635264
60701-01-06-01,0.882702,1207.20,2.62544,884.274,8.01246,4.857727272727273
60701-01-06-02,0.850179,1259.22,2.59638,999.900,7.63414,46.40516129032258
60701-01-20-00,0.722263,2.94230E-10,2.88975,109.766,12.6221,190.80281690140845
60701-01-23-00,0.758893,2.23595E-02,2.76286,18.6236,10.0205,205.23471204188482
60701-01-23-01,0.766432,6.47932E-05,2.70322,13.8591,9.12377,195.03400000000002
60701-01-24-00,0.921593,2.75367E-04,2.68781,13.6987,6.59666,173.33089965397923
60701-01-24-01,1.00035,1.30840E-08,2.67700,13.5030,5.67531,155.43017751479292
60701-01-24-02,1.04719,4.47797E-03,2.66971,13.2642,5.22090,139.19819121447028
60701-01-25-00,1.26183,151.573,2.49061,8.80478,3.17749,126.38924311926606
60701-01-25-01,1.35157,157.823,2.36355,7.32517,2.49008,115.50426804123711
60701-01-26-00,1.38181,151.620,2.31272,6.96090,2.27475,107.82550561797753
60701-01-26-01,1.40455,147.564,2.27406,6.72003,2.12203,100.69631217838764
60701-01-26-02,1.41544,144.647,2.25064,6.57227,2.04221,94.6120253164557
60701-01-26-03,1.41533,141.293,2.24857,6.57460,2.04095,88.8925550660793
60701-01-28-00,1.48127,138.360,2.14115,6.18323,1.65433,84.06765753424658
60701-01-29-00,1.51066,133.465,2.08602,5.93261,1.49250,81.25310654685494
60701-01-30-00,1.49325,136.023,2.10204,6.00885,1.54360,78.36212560386473
60701-01-30-01,1.47813,137.814,2.11767,6.09452,1.59373,75.41629418472064
60701-01-30-02,1.46151,140.021,2.13401,6.17270,1.64812,73.07882289416847
60701-01-31-01,1.47049,145.450,2.12279,6.09592,1.59657,68.54285128205129
60701-01-33-00,1.45411,140.481,2.13867,6.26245,1.63769,70.73330078125
60701-01-33-01,1.44124,136.424,2.14669,6.37194,1.66267,71.78605778191985
60702-01-01-00,1.38328,137.686,2.23156,7.12546,1.98831,65.43296527159394
60702-01-01-01,1.29252,129.733,2.34575,8.48273,2.53518,61.32090366581415
60702-01-01-02,1.06094,1.57098E-08,2.50985,12.7642,4.18514,56.970318887980376
60702-01-01-10,1.04807,1.82718E-07,2.50912,12.7812,4.29287,52.88655145326002
70702-01-01-00,1.05632,1.45961E-04,2.49620,12.8795,4.11029,55.07803328290469
70702-01-03-00,1.03502,8.22956E-06,2.48892,12.8772,4.16898,54.85894967177243
70702-01-03-01,1.01388,8.59984E-11,2.48003,12.7725,4.23038,54.4044014084507
70702-01-04-00,1.01517,4.48502E-07,2.48047,12.7646,4.26473,50.726215112321306
70702-01-04-01,1.01689,3.95409E-07,2.48377,12.8614,4.30140,47.51567852437418
70702-01-04-02,1.01885,9.49117E-05,2.48401,12.8015,4.32922,44.46139757498404
70702-01-05-00,0.968673,2.77831E-12,2.46333,12.1746,4.53605,44.61503094059406
70702-01-05-01,0.955123,8.12800E-08,2.46358,12.7881,4.55775,45.347165165165165
70702-01-05-02,0.925139,2.27685E-07,2.45154,12.6222,4.66594,45.70629521586931
70702-01-05-03,0.896341,1.06589E-02,2.43901,12.3958,4.77535,45.88982416335791
70702-01-06-00,0.860765,3.91159E-11,2.39674,10.9478,4.78187,47.3546412803532
70702-01-06-01,0.836237,2.84795E-13,2.36693,10.2699,4.74980,48.66704459967759
70702-01-07-00,0.841904,4.70936E-11,2.36336,10.7286,4.59278,50.013921465968586
70702-01-08-00,0.837572,1.21061E-13,2.34990,10.1781,4.55981,49.16287901990812
70702-01-08-01,0.860625,5.40980E-05,2.36391,10.8105,4.44594,48.10546812749004
70702-01-09-00,0.843419,1.28435E-10,2.34972,10.6496,4.44280,48.68298492950899
70702-01-10-00,0.824599,8.60340E-04,2.33891,10.4768,4.49395,48.44245014245014
70702-01-11-00,0.813356,6.11595E-11,2.32316,10.1858,4.45060,48.79921113689095
70702-01-11-01,0.799979,1.20351E-11,2.31104,10.0753,4.43586,49.12059891107078
70702-01-12-00,0.774439,3.71391E-12,2.30817,10.2252,4.56706,48.91828672880603
70702-01-12-01,0.748390,3.27945E-12,2.30350,10.2913,4.70496,48.655994787141616
70702-01-14-00,0.723867,2.76173E-02,2.30165,10.5617,4.83538,48.776903445342406
70702-01-18-00,0.709030,7.94560E-11,2.29834,10.5484,4.91899,48.20308333333333
70702-01-18-01,0.701408,5.74834E-13,2.29999,10.7587,4.97553,47.50387913434055
70702-01-19-00,0.693065,6.99919E-11,2.29791,10.8302,5.02540,46.685068054443555
70702-01-20-00,0.685024,5.11615E-02,2.30185,11.0101,5.13223,45.39544562230075
70702-01-20-01,0.683584,0.174208,2.30484,11.1913,5.17242,44.23613251155624
70702-01-21-00,0.690814,4.15165E-10,2.30861,11.4072,5.14326,43.05126654064272
70702-01-21-01,0.678205,6.79164E-11,2.30539,11.2877,5.24328,42.13173719376392
70702-01-22-00,0.688892,3.45983E-11,2.31346,11.8307,5.21492,40.743456069996355
70702-01-23-00,0.671013,3.32271E-11,2.30747,11.5211,5.36102,39.715293696275076
70702-01-24-00,0.663713,2.11446E-12,2.31801,12.3415,5.45050,39.69475536782823
70702-01-25-00,0.664615,1.61664E-05,2.31907,12.3769,5.46539,38.68840830449827
70702-01-25-01,0.665338,3.04339E-11,2.32253,12.4974,5.50411,37.59680163320857
70702-01-32-00,0.679723,2.02244E-12,2.32972,12.6952,5.41184,37.0024765729585
70702-01-32-01,0.679456,2.99925E-11,2.33276,12.6155,5.44058,36.3937108989134
70702-01-32-02,0.692684,8.62759E-03,2.34005,12.9606,5.35910,35.81173039533377
70702-01-44-00,0.698607,1.82057E-03,2.34376,12.6333,5.34688,35.124848484848485
70702-01-44-01,0.703872,6.35392E-05,2.34618,12.0765,5.33120,34.629899497487436
70702-01-45-00,0.720525,8.84947E-13,2.35463,11.7406,5.25328,34.05827404887101
70702-01-46-00,0.735170,9.29214E-12,2.36289,11.7728,5.17718,33.54564290067032
70702-01-47-00,0.728450,2.36863E-04,2.36310,11.6682,5.25755,32.79816871810267
70702-01-47-01,0.741373,6.11962E-11,2.36642,11.7209,5.17133,32.1492899408284
70702-01-48-00,0.750211,1.49958E-11,2.36858,11.6259,5.11844,31.569728783902015
70702-01-48-01,0.747410,2.77100E-10,2.36839,11.5033,5.15383,30.99332949971248
70702-01-50-00,0.747791,4.55190E-05,2.36670,11.4109,5.15414,30.36495605330309
70702-01-50-01,0.763716,8.12188E-13,2.36877,11.4130,5.03862,29.803942953020133
70702-01-51-00,0.768583,1.27756E-11,2.36858,11.3883,5.00468,29.267972413793103
70702-01-52-00,0.766191,4.95896E-03,2.36895,11.3619,5.02917,28.86437125748503
70702-01-54-00,0.766962,5.57654E-03,2.36317,10.9802,5.00234,28.453881278538812
70702-01-54-01,0.777031,1.55722E-11,2.36831,11.2104,4.94629,28.012221633085897
70703-01-01-02,0.783716,2.67160E-10,2.37682,11.3418,4.94702,27.53284480502486
70703-01-01-03,0.788768,8.57581E-12,2.38109,11.3245,4.93558,27.141395348837207
70703-01-01-04,0.792542,4.21547E-06,2.38691,11.4543,4.93863,26.758356723653993
70703-01-01-05,0.796404,6.87184E-05,2.39070,11.4339,4.93176,26.417313508064513
70703-01-01-07,0.788832,1.01323E-07,2.38769,11.0266,4.99324,26.070052277819265
70703-01-01-08,0.794925,8.53319E-11,2.39085,10.7848,4.97152,25.78148057058534
70703-01-01-10,0.795573,2.26438E-11,2.39528,10.8336,4.99577,25.410498177399756
70703-01-01-11,0.796243,5.03421E-03,2.39765,10.8232,5.00570,25.10749279538905
70703-01-01-12,0.792059,4.46149E-03,2.40025,10.8517,5.05938,24.765701400427247
70703-01-01-13,0.792801,3.48068E-07,2.40330,10.9678,5.06782,24.47280619427499
70703-01-01-14,0.772206,5.14195E-13,2.38793,10.0392,5.19206,24.191881234052424
80127-02-01-01,0.773398,8.19733E-14,2.38698,9.98211,5.18684,23.8027752293578
80127-02-02-00,0.800042,3.98569E-11,2.40265,10.5665,5.03640,23.43288727602631
80127-02-02-01,0.779280,1.15216E-13,2.38766,9.95226,5.15451,23.10145805293854
80127-02-02-02,0.781185,2.74522E-14,2.38756,9.91822,5.14566,22.76352340803195
80127-02-03-00,0.806211,3.49305E-13,2.40106,10.4348,5.00314,22.373024582967517
80127-05-05-00,0.803818,4.41201E-04,2.40282,10.4410,5.04328,22.007187839305104
80127-05-05-01,0.807333,1.81220E-11,2.40714,10.5823,5.03733,21.72847013321874
80127-05-05-02,0.807513,2.25025E-14,2.40965,10.6159,5.05696,21.409036785030832
80188-01-01-00,0.802710,3.97988E-11,2.40735,10.5242,5.09109,21.144675925925927
80188-01-01-01,0.814820,3.90837E-12,2.40965,10.6252,4.99764,20.94384503228494
80188-01-01-02,0.810707,1.32361E-12,2.40903,10.6247,5.03083,20.696309278350515
80188-01-01-03,0.819831,8.68468E-11,2.40960,10.6065,4.96003,20.48732394366197
80188-01-01-04,0.825631,2.21786E-11,2.41082,10.6684,4.91724,20.289773645917542
80188-02-01-00,0.830422,3.10354E-03,2.40956,10.7129,4.86847,20.10726435861517
80188-03-01-01,0.818242,6.53534E-14,2.39702,10.2555,4.90806,19.959373761395163
80701-01-01-00,0.842726,2.09722E-10,2.40972,10.8159,4.75956,19.835289499509322
80701-01-01-01,0.839706,8.25548E-12,2.40783,10.8060,4.76756,19.70975894245723
80701-01-01-02,0.842763,1.56126E-12,2.40811,10.8394,4.74017,19.575024070864625
80701-01-02-00,0.849338,2.83551E-09,2.40828,10.8454,4.68379,19.484395268981306
80701-01-02-01,0.828477,1.37070E-13,2.39525,10.3350,4.78493,19.381515781515784
80701-01-02-02,0.840012,2.71013E-12,2.40782,10.9002,4.74015,19.24616104868914
80701-01-08-01,0.846305,2.58890E-12,2.41044,10.9660,4.71270,18.963580705009274
80701-01-11-00,0.834507,1.49953E-12,2.40776,10.9935,4.78208,18.854054054054053
80701-01-11-01,0.834998,8.27308E-11,2.40697,10.9901,4.76786,18.757798833819244
80701-01-11-02,0.830233,1.77023E-11,2.40597,11.0455,4.79054,18.666678706880983
80701-01-12-00,0.824789,1.33159E-02,2.40540,11.1210,4.82533,18.517239527389904
80701-01-19-00,0.822570,9.47631E-11,2.40686,11.2159,4.85253,18.296593328601848
80701-01-19-01,0.813211,6.35840E-11,2.40709,11.2900,4.93178,18.07131551178333
80701-01-19-02,0.797376,5.56674E-14,2.39536,10.7577,5.01342,17.91253486750349
80701-01-19-03,0.808046,3.52950E-12,2.40848,11.4376,4.97895,17.73591427583823
80701-01-23-00,0.807685,3.29285E-11,2.40628,11.4703,4.95646,17.700993831391365
80701-01-23-01,0.796252,1.80483E-11,2.40321,11.4689,5.02518,17.636578321440705
80701-01-23-02,0.797124,1.05192E-11,2.40240,11.5446,5.00150,17.576398247978435
80701-01-26-00,0.791843,9.46490E-12,2.40231,11.7589,5.02610,17.54625793518209
80701-01-32-00,0.791318,8.21370E-09,2.40103,11.9641,4.99658,17.594615639496357
80701-01-40-01,0.792316,9.92372E-03,2.40176,11.8077,5.00030,17.43332785538209
80701-01-51-00,0.790359,2.22704E-03,2.40125,12.0554,4.98925,17.449812550937246
80701-01-52-01,0.789903,1.63203E-12,2.40301,12.1317,5.00596,17.26227970897332
80701-01-53-00,0.783232,3.01670E-13,2.40195,12.2134,5.04533,17.198861267040897
80701-01-53-01,0.720182,6.55157E-13,2.38828,11.6851,5.55160,17.05890214797136
80701-01-54-00,0.770326,2.38113E-10,2.39690,12.1808,5.10817,17.0970955011839
80701-01-54-01,0.764352,4.16093E-11,2.39571,12.2173,5.14787,17.000814408770555
80701-01-54-02,0.757977,3.23689E-11,2.39377,12.2576,5.18219,16.94930846930847
80701-01-55-00,0.728841,1.95881E-13,2.37707,11.4866,5.34713,16.963901310717038
80701-01-55-01,0.743431,8.84595E-11,2.38747,12.2821,5.24156,16.948569242540167
80701-01-55-02,0.741287,1.61059E-10,2.38791,12.5527,5.23113,17.039407744874715
80701-01-56-00,0.739862,6.04566E-08,2.38745,12.8682,5.19754,17.217829691032403
80701-01-57-00,0.741073,4.89447E-11,2.38662,13.2044,5.14773,17.30382946896036
80701-01-58-00,0.737085,1.22085E-11,2.38531,13.3550,5.15830,17.287230883444693
80701-01-58-01,0.731228,3.29376E-11,2.38233,13.3068,5.18236,17.253750921149596
80701-01-58-02,0.720110,3.94875E-12,2.37834,13.1487,5.25414,17.1938258961229
80701-01-58-03,0.720127,2.60080E-11,2.37572,13.0882,5.22869,17.14729121278141
80701-01-59-00,0.712145,1.90445E-02,2.37349,13.0432,5.28014,17.093121845710165
80701-01-59-01,0.701502,3.63617E-11,2.36974,12.8691,5.35275,17.027959914101647
80701-01-59-02,0.697613,5.05469E-11,2.36544,12.6959,5.35447,16.991115849324803
80701-01-60-00,0.699325,5.15884E-12,2.36890,12.9319,5.36015,16.833182780522232
80701-01-60-02,0.699994,5.65482E-12,2.37012,13.0344,5.36126,16.699327259985985
80701-01-61-00,0.667921,2.81721E-13,2.35670,12.1979,5.60432,16.594224077940154
80701-01-61-01,0.689691,1.40554E-12,2.36950,13.1589,5.45410,16.462114720110574
80701-01-61-02,0.661841,7.26170E-13,2.35681,12.2876,5.66531,16.365326012354153
80701-01-62-00,0.682705,1.10923E-09,2.36607,13.1599,5.48043,16.368207225630538
80701-01-62-01,0.669195,1.81112E-04,2.36023,12.9357,5.56414,16.368923493568044
80701-01-62-02,0.675687,5.89073E-10,2.35967,13.0698,5.47574,16.3710692669805
90105-01-03-00,0.644716,5.33246E-13,2.34688,12.1279,5.73269,16.205344735435595
90105-01-03-01,0.641804,1.09522E-10,2.34558,12.0755,5.76824,16.001486791450947
90105-02-01-00,0.675074,1.00580E-11,2.35926,12.9176,5.51517,15.810353468741758
90105-02-01-01,0.666566,2.49358E-02,2.35682,12.7217,5.60001,15.626916524701874
90105-02-01-02,0.675970,3.49782E-12,2.35788,12.7231,5.51944,15.476966145833334
90105-02-02-00,0.675303,1.98114E-09,2.35898,12.7143,5.54551,15.299728296027947
90105-02-03-00,0.673980,1.88208E-10,2.35771,12.6120,5.56158,15.135986114682437
90105-02-04-00,0.661451,3.31149E-08,2.35717,12.7558,5.65661,15.220924885028104
90105-02-05-00,0.663771,9.44476E-12,2.36171,13.1408,5.66444,15.06097994414826
90105-05-03-00,0.664199,5.89341E-10,2.36014,12.9987,5.65721,14.930944871956605
90105-05-03-01,0.666686,2.40365E-10,2.36038,12.9443,5.64224,14.787888665997993
90105-05-03-02,0.669565,4.46260E-10,2.36161,12.9682,5.62808,14.649532710280374
90105-05-03-03,0.639860,9.31433E-13,2.34847,12.0497,5.87390,14.527012633143425
90105-05-03-04,0.671411,1.46040E-11,2.36155,12.8434,5.62470,14.38898190323772
90105-05-03-05,0.665719,1.34079E-11,2.36006,12.7229,5.68145,14.266421928536465
90105-07-01-00,0.674624,7.88081E-11,2.35950,12.2527,5.60237,14.178421116652476
90105-07-02-00,0.671671,1.94159E-05,2.35709,11.7814,5.63383,14.082781136638452
90105-07-03-00,0.679017,3.86311E-10,2.36206,11.8923,5.59689,13.976439475898545
90105-09-02-00,0.673700,1.59424E-10,2.36167,11.9426,5.64767,13.882471024017205
90105-09-05-00,0.646180,1.02013E-12,2.35038,11.3467,5.87747,13.767454567050718
90105-09-06-00,0.663412,1.11476E-10,2.36040,12.0510,5.73211,13.777222812610699
90105-09-07-00,0.659214,8.34456E-11,2.35722,11.9738,5.74189,13.774151895762413
90105-09-08-01,0.650216,8.94934E-11,2.35478,11.9227,5.81207,13.739082740109698
90105-10-01-00,0.649036,1.16746E-11,2.35260,11.9622,5.78770,13.769242371504816
90105-10-05-00,0.613620,3.75300E-13,2.34106,11.3606,6.10821,13.691890644826392
90105-10-06-00,0.643885,3.75519E-02,2.34803,11.8761,5.79170,13.716171579309554
90105-10-07-00,0.642417,3.55552E-02,2.34605,11.8749,5.77733,13.724278709088836
90108-01-02-00,0.645389,1.76666E-02,2.35003,12.1149,5.76959,13.644273077795418
90108-01-03-00,0.646447,1.51419E-10,2.35051,12.1090,5.76321,13.564159242133753
90108-01-04-00,0.650243,9.68740E-10,2.35041,12.1311,5.71876,13.50580978017048
90108-01-05-00,0.652737,2.72064E-04,2.35112,12.1591,5.69745,13.43143335192415
90108-01-06-00,0.656776,2.57435E-11,2.35109,12.1740,5.65275,13.37138895052141
90412-01-01-00,0.648752,1.14891E-11,2.34931,11.9187,5.73159,13.301246827761227
90701-01-01-00,0.651008,7.81273E-03,2.34843,11.8574,5.70460,13.220599209833187
90701-01-01-02,0.662020,8.40789E-11,2.35029,11.9451,5.60375,13.142931994323764
90701-01-02-00,0.672403,1.26332E-02,2.35202,12.0412,5.50860,13.067958740499456
90701-01-02-01,0.675447,3.47428E-10,2.35161,12.0538,5.47436,13.000399611189113
90701-01-02-02,0.675591,2.70966E-12,2.35063,11.9865,5.46972,12.921110872367855
90701-01-02-03,0.684493,2.21589E-09,2.35220,12.0770,5.39215,12.849278614940685
90701-01-03-00,0.691274,2.62761E-10,2.35235,12.0761,5.33130,12.767254943652988
90701-01-04-00,0.693620,1.55460E-10,2.35235,12.0901,5.30843,12.7011634056055
90701-01-05-00,0.699737,5.89348E-04,2.35000,11.9814,5.23433,12.657039141414142
90701-01-06-00,0.699674,4.55194E-11,2.35330,12.1665,5.25348,12.583649115461112
90701-01-07-00,0.703707,3.30592E-05,2.35432,12.1918,5.22129,12.526484065819622
90701-01-07-01,0.705054,6.95945E-12,2.35505,12.2207,5.21247,12.46665630504611
90701-01-08-00,0.700779,5.52168E-11,2.35538,12.2085,5.25904,12.377814432989691
90701-01-18-00,0.699635,1.71732E-10,2.35568,12.2839,5.27309,12.292060724176839
90701-01-19-00,0.701062,1.51320E-03,2.35800,12.5199,5.25846,12.292784241681975
90701-01-26-00,0.699250,1.48440E-10,2.35589,12.4090,5.26232,12.24168782370265
90701-01-48-00,0.200000,4.43163E+07,2.28805,9.24514,12.4770,12.174312853678254
90701-01-50-00,0.699505,4.83899E-10,2.35698,12.4006,5.27579,12.073634992458523
90701-01-50-01,0.700728,4.04489E-08,2.35540,12.2049,5.26371,11.989593756253752
91701-01-01-00,0.704221,2.50340E-11,2.35808,12.3410,5.25114,11.8978492482326
91701-01-01-01,0.700397,3.65616E-11,2.35722,12.2366,5.29066,11.802665477606025
91701-01-02-00,0.702966,1.78986E-02,2.35864,12.2944,5.27797,11.72629918154028
91701-01-02-01,0.707275,1.86477E-11,2.35911,12.3128,5.24296,11.655338567222767
91701-01-02-02,0.709755,1.03662E-09,2.35930,12.2319,5.22991,11.565484910635805
91701-01-03-00,0.704660,3.00915E-11,2.35911,12.2116,5.28304,11.472006220839813
91701-01-03-01,0.704138,1.26321E-02,2.35493,11.9382,5.27032,11.401702621650381
91701-01-04-00,0.710498,1.17038E-10,2.35845,12.0886,5.23662,11.316137107644906
91701-01-06-00,0.708044,3.53354E-10,2.35815,12.0129,5.26105,11.256013416387159
91701-01-07-00,0.716006,4.40974E-10,2.36171,12.2048,5.20834,11.192617321632964
91701-01-14-01,0.715288,3.39027E-02,2.36174,12.1683,5.21710,11.135076893867476
91701-01-15-00,0.686053,2.24142E-11,2.34908,11.5345,5.41471,11.136215041572184
91701-01-22-00,0.707946,4.66088E-04,2.36067,12.2567,5.26311,11.092702651871356
91701-01-30-00,0.709323,2.08367E-03,2.36001,12.1987,5.25126,11.02002059153875
91701-01-30-01,0.710031,5.32117E-11,2.36218,12.3102,5.26418,10.924156884665548
91701-01-31-00,0.711556,1.28574E-10,2.36307,12.2703,5.25975,10.862342359050444
91701-01-32-00,0.711216,9.35644E-11,2.36336,12.2633,5.26860,10.793437326933727
91701-01-32-01,0.691353,1.40295E-08,2.35211,11.5029,5.40702,10.726957001102535
91701-01-33-01,0.709737,4.47711E-11,2.36146,11.7668,5.29232,10.664715566124016
91701-01-34-00,0.706461,2.44516E-12,2.36167,11.6974,5.32899,10.607055717407137
91701-01-34-01,0.707392,2.44334E-10,2.36230,11.6732,5.32651,10.554748957766902
91701-01-42-00,0.707514,9.73789E-12,2.36288,11.6398,5.33153,10.50349151930711
91701-01-42-01,0.713825,2.74817E-03,2.36407,11.6413,5.28165,10.452972875875696
91701-01-43-00,0.712617,3.86433E-06,2.36252,11.4732,5.28918,10.402432045779685
91701-01-43-01,0.705003,5.79430E-10,2.36330,11.5547,5.36478,10.34803275769984
91701-01-44-00,0.714564,4.97377E-11,2.36446,11.5866,5.28066,10.30948245303084
91701-01-44-01,0.711866,1.28242E-10,2.36340,11.5220,5.30044,10.265466737250751
91701-01-45-00,0.715343,4.70026E-04,2.36584,11.6654,5.28007,10.219386858749122
91701-01-48-00,0.707904,7.20243E-03,2.36596,11.7366,5.35057,10.16004897673605
91701-01-49-00,0.706381,5.86447E-05,2.36450,11.7231,5.34651,10.159970393591085
91701-01-50-00,0.702929,3.18848E-10,2.36245,11.6532,5.36162,10.144468527830762
91701-01-51-00,0.683037,5.46450E-13,2.35186,11.1137,5.49357,10.12443888121547
91701-01-51-01,0.700458,1.79166E-02,2.36245,11.7006,5.37937,10.078485473611828
91701-01-51-02,0.698763,8.77959E-04,2.36099,11.7111,5.37918,10.062444368366998
91701-01-54-00,0.676289,2.89931E-10,2.35091,11.1513,5.54899,10.007005283790694
91701-01-54-01,0.674778,3.16649E-13,2.35143,11.1930,5.56726,9.960225729803122
91701-01-55-00,0.699972,1.91163E-10,2.36280,11.9842,5.36023,9.985558560081122
91701-01-56-00,0.699002,6.14298E-12,2.36251,12.0620,5.35450,9.993899360484685
91701-01-57-00,0.699990,1.73789E-12,2.36227,12.0748,5.34314,9.950268141444612
91701-01-57-01,0.699548,9.58591E-11,2.36241,12.0735,5.35015,9.90035046728972
91701-01-57-02,0.697918,2.18343E-10,2.36249,12.0913,5.36812,9.847606780787768
91701-01-58-00,0.696986,1.28269E-10,2.36223,12.1074,5.37509,9.80443561734525
91701-01-58-02,0.701129,2.51141E-11,2.36361,12.1650,5.34628,9.749134662930608
91701-01-59-00,0.697937,6.63740E-10,2.36286,12.1570,5.37096,9.71292678923178
91701-01-59-01,0.669577,2.72292E-10,2.35018,11.4469,5.57939,9.684632990027792
91701-01-60-02,0.694034,1.58283E-10,2.36320,12.1863,5.41375,9.617502442201237
91701-01-64-00,0.694113,2.41550E-03,2.36041,12.0067,5.39947,9.575831036160208
91701-01-64-01,0.701938,3.93132E-10,2.36380,12.1843,5.34551,9.522044573643411
91701-01-65-00,0.703008,1.59249E-10,2.36362,12.1751,5.33631,9.474111307704682
91701-01-65-01,0.703351,1.18914E-13,2.36409,12.2024,5.33814,9.423333867350207
91701-01-66-00,0.707362,6.35620E-11,2.36213,12.0775,5.29032,9.387394287537898
91701-01-67-00,0.708015,1.88083E-11,2.36264,12.1281,5.28876,9.336824539097266
91701-01-68-00,0.707766,3.25543E-11,2.36462,12.1628,5.30808,9.280766186480925
91701-01-68-01,0.705918,4.74696E-11,2.36549,12.2088,5.33115,9.239687795648061
91701-01-68-02,0.710188,1.17221E-10,2.36672,12.2242,5.30038,9.198028899010522
91701-01-69-00,0.713158,7.18734E-11,2.36827,12.2904,5.28286,9.15531914893617
91701-01-69-01,0.707823,1.96993E-09,2.36713,12.2409,5.32607,9.121497584541062
91701-01-71-00,0.707797,1.10108E-10,2.36699,12.2356,5.33173,9.057031977646695
91701-01-71-01,0.708153,5.17632E-11,2.36749,12.1989,5.34051,8.988186175970311
91701-01-73-00,0.686530,2.54457E-13,2.35467,11.4987,5.47305,8.991851509550216
91701-01-74-00,0.711502,4.76565E-04,2.36750,12.2346,5.29892,8.960618382691422
91701-01-76-00,0.706872,4.81520E-10,2.36564,12.1157,5.33269,8.929142464078263
91701-01-76-01,0.701143,3.07563E-06,2.36646,12.2298,5.38809,8.900746155017512
91701-01-78-00,0.705141,4.08535E-10,2.36701,12.3005,5.34674,8.887242111650485
91701-01-79-00,0.703070,5.52294E-06,2.36694,12.3387,5.36167,8.867319026749282
91701-01-79-01,0.691327,3.46796E-11,2.36315,12.0984,5.45750,8.830081300813008
91701-01-80-00,0.697605,1.88867E-11,2.36706,12.4328,5.41351,8.794495275236239
92082-03-01-00,0.699762,1.16821E-10,2.37083,12.6721,5.40154,8.80846533173939
92437-01-01-00,0.691357,1.33222E-04,2.36418,12.2683,5.44466,8.792757183266339
92702-01-01-00,0.697859,5.76151E-11,2.37059,12.7758,5.41025,8.76339365173539
92702-01-01-01,0.695985,1.04713E-10,2.37035,12.7950,5.42438,8.73889463573223
92702-01-02-00,0.692286,4.01541E-10,2.36808,12.7758,5.43415,8.752098056537102
92702-01-02-01,0.689479,1.30524E-10,2.36582,12.7053,5.43869,8.75558163414992
92702-01-03-00,0.688407,6.22144E-08,2.36601,12.8234,5.43995,8.752104647763812
92702-01-05-00,0.684510,4.41318E-04,2.36549,12.8973,5.46306,8.75702635794379
92702-01-05-01,0.681943,6.57423E-12,2.36577,12.9333,5.48827,8.729853453279164
92702-01-06-00,0.200000,2.71634E-06,2.34132,12.2659,13.6625,8.653910654908197
92702-01-08-00,0.662924,1.70314E-11,2.36164,12.9423,5.62366,8.773789974070873
92702-01-08-01,0.662189,2.13096E-10,2.36267,13.0731,5.62321,8.791768336443232
92702-01-08-02,0.656850,1.68714E-03,2.36245,13.1173,5.66327,8.80946081235698
92702-01-08-03,0.649339,6.13643E-10,2.36407,13.3861,5.73640,8.818961094484823
92702-01-09-00,0.641152,1.97589E-05,2.36434,13.5135,5.80465,8.860515478557229
92702-01-20-01,0.644597,0.140125,2.36637,13.6850,5.78172,8.81691665487477
92702-01-20-02,0.644491,1.67560E-04,2.36619,13.6551,5.78585,8.7720671178793
92702-01-21-00,0.642503,6.99804E-12,2.36649,13.7029,5.80723,8.746374877054938
92702-01-21-01,0.631601,0.120100,2.36010,13.1787,5.88845,8.72637916549986
92702-01-21-02,0.641067,2.56483E-06,2.36310,13.4605,5.79767,8.703034742570113
92702-01-22-00,0.634104,1.45937E-09,2.36406,13.5405,5.88771,8.644292269187986
92702-01-22-01,0.640351,5.41206E-04,2.36278,13.4249,5.81553,8.59829569073022
92702-01-28-00,0.200000,4.82597E+07,2.31240,10.4337,12.8503,8.550069041701187
92702-01-28-01,0.635031,2.12795E-03,2.36495,13.6224,5.90001,8.488372093023257
92702-01-29-00,0.633828,1.02984E-10,2.36552,13.7846,5.91231,8.463117114646188
92702-01-30-00,0.638152,7.41294E-11,2.36658,13.8971,5.87570,8.410516605166052
92702-01-31-00,0.609884,1.89777E-11,2.35495,12.9197,6.13153,8.371329338055027
92702-01-31-01,0.640672,2.25447E-07,2.36665,13.8161,5.85785,8.326849463825166
92702-01-32-00,0.200000,4.83824E+07,2.31311,10.4740,12.9135,8.295102813852814
92702-01-32-01,0.642299,4.37196E-11,2.36738,13.7920,5.85294,8.247876499932588
92702-01-32-02,0.643845,4.72143E-11,2.36720,13.7757,5.83595,8.216312819134641
92702-01-33-00,0.646936,0.110865,2.36778,13.7856,5.80933,8.17940940136601
94701-01-10-00,0.617336,7.34662E-10,2.35611,12.8829,6.07113,8.151408168713294
94701-01-11-00,0.641682,6.95529E-11,2.36653,13.7538,5.85444,8.135665824131967
94701-01-12-00,0.643379,4.49055E-10,2.36454,13.7062,5.81130,8.14303235216123
94701-01-12-01,0.645612,2.10570E-05,2.36030,13.4228,5.75148,8.150568256904982
94701-01-13-00,0.647436,1.60379E-11,2.36305,13.7012,5.74704,8.119902528977871
94701-01-34-00,0.647815,1.42982E-03,2.36384,13.7316,5.75073,8.085223841407378
94701-01-34-01,0.651116,7.22355E-11,2.36509,13.7925,5.72535,8.053539649306465
94701-01-35-00,0.646870,1.88240E-11,2.36474,13.7120,5.77476,8.010858223555498
94701-01-46-00,0.646846,2.84365E-10,2.36567,13.7534,5.78483,7.972679407176287
96701-01-52-00,0.651330,3.35040E-05,2.36544,13.6587,5.73730,7.948762472463392
