Source,ObsID,QPO0_freq,QPO0_pos_err,QPO0_neg_err,QPO0_FWHM,QPO0_FWHM_pos_err,QPO0_FWHM_neg_err,QPO0_IP,QPO0_IP_pos_err,QPO0_IP_neg_err,Sig.,QPO1_freq,QPO1_pos_err,QPO1_neg_err,QPO1_FWHM,QPO1_FWHM_pos_err,QPO1_FWHM_neg_err,QPO1_IP,QPO1_IP_pos_err,QPO1_IP_neg_err,Sig.,QPO2_freq,QPO2_pos_err,QPO2_neg_err,QPO2_FWHM,QPO2_FWHM_pos_err,QPO2_FWHM_neg_err,QPO2_IP,QPO2_IP_pos_err,QPO2_IP_neg_err,Sig.,QPO3_freq,QPO3_pos_err,QPO3_neg_err,QPO3_FWHM,QPO3_FWHM_pos_err,QPO3_FWHM_neg_err,QPO3_IP,QPO3_IP_pos_err,QPO3_IP_neg_err,Sig.,Type,1st_time,last_time
H1743-322,80137-01-27-00,,,,,,,,,,,6.07514620E+00,1.11696944E-01,1.02324933E-01,2.53700900E+00,4.24358308E-01,3.80038768E-01,9.43283085E-03,9.95551352E-04,9.74128430E-04,9.68335,1.25256119E+01,4.77764308E-01,4.82943475E-01,2.92560601E+00,1.68638158E+00,1.19365907E+00,2.38003884E-03,8.81115731E-04,7.61225820E-04,3.12659,,,,,,,,,,,C,0.0,1904.0
H1743-322,80138-01-03-00G,1.12187231E+00,2.16348581E-02,2.28783600E-02,5.30345678E-01,9.12745148E-02,7.40468502E-02,3.01058870E-03,5.38870925E-04,4.65883088E-04,6.46211,2.22620463E+00,4.66050394E-03,4.80290409E-03,2.58954704E-01,1.35829775E-02,1.38038574E-02,1.67608559E-02,5.18796965E-04,5.72248246E-04,29.2895,4.38688135E+00,2.09664814E-02,1.75163932E-02,3.51304114E-01,7.37683475E-02,6.27376959E-02,1.17688382E-03,1.86938472E-04,1.59415926E-04,7.38247,,,,,,,,,,,C,0.0,2851.0
H1743-322,80138-01-04-00G,1.81857491E+00,5.59033528E-02,6.95009455E-02,1.01495624E+00,2.82591760E-01,2.14599416E-01,1.84081448E-03,7.03288999E-04,4.80759423E-04,3.82897,3.73747468E+00,6.10992918E-03,6.04530051E-03,3.90820950E-01,1.58996321E-02,1.52133778E-02,1.43689923E-02,3.73160612E-04,3.77634569E-04,38.05,7.34600401E+00,2.72907689E-02,2.62392275E-02,5.69718659E-01,9.25572217E-02,8.06391239E-02,8.00627109E-04,1.07628672E-04,1.01630641E-04,7.87781,,,,,,,,,,,C,0.0,2304.0
H1743-322,80138-01-05-00G,,,,,,,,,,,2.07974291E+00,5.75657981E-03,5.87226218E-03,2.60048389E-01,1.63553115E-02,1.47953993E-02,1.58047304E-02,6.19070313E-04,6.04878296E-04,26.1288,4.05441236E+00,2.74341218E-02,2.46892832E-02,3.71687263E-01,7.85920471E-02,7.20604360E-02,1.20510883E-03,2.20619637E-04,2.05407065E-04,5.86693,,,,,,,,,,,C,0.0,1817.0
H1743-322,80138-01-06-00,,,,,,,,,,,3.22224498E+00,4.93809767E-03,5.11116814E-03,3.74963731E-01,1.20681319E-02,1.11896573E-02,1.71639118E-02,3.62031366E-04,3.63371684E-04,47.2351,6.25634861E+00,3.10137421E-02,3.61117274E-02,1.66772568E+00,1.83267385E-01,1.48805320E-01,2.97714188E-03,2.31260521E-04,1.93760730E-04,15.365,,,,,,,,,,,C,0.0,3328.0
H1743-322,80146-01-02-00,2.54795074E+00,1.04045272E-01,1.04558498E-01,2.46291757E+00,3.62229645E-01,3.59025240E-01,3.54118575E-03,6.58199715E-04,7.23756559E-04,4.89279,5.61212063E+00,8.93268548E-03,8.73681996E-03,8.29470813E-01,3.78359854E-02,3.59275229E-02,8.36530328E-03,2.69394572E-04,2.90007767E-04,28.8451,1.10801268E+01,3.50098200E-02,7.23379403E-02,4.49833184E-01,3.11985940E-01,-1.00000000E+00,1.04889885E-04,3.99022902E-05,2.17144989E-05,4.83041,,,,,,,,,,,C,0.0,2768.0
H1743-322,80146-01-03-00,,,,,,,,,,,4.74474001E+00,7.46398186E-03,7.14721670E-03,5.85069597E-01,2.06844490E-02,2.02077348E-02,1.22125084E-02,2.65939627E-04,2.73741665E-04,44.6133,9.28656960E+00,1.36871397E-01,1.70553744E-01,2.39920974E+00,5.15851021E-01,4.46328521E-01,1.23208808E-03,2.11566425E-04,1.93972344E-04,6.35187,,,,,,,,,,,C,0.0,2640.0
H1743-322,80146-01-29-00,2.58246255E+00,7.63723627E-02,7.34606907E-02,1.65735662E+00,3.58065486E-01,4.26288992E-01,2.32082466E-03,6.87819498E-04,7.50438892E-04,3.09262,5.59050083E+00,9.63386428E-03,9.46366508E-03,7.96726048E-01,3.75444852E-02,3.94296795E-02,8.70669633E-03,3.02436296E-04,3.37879726E-04,25.7686,1.12115822E+01,1.81619585E-01,1.80654198E-01,1.99085367E+00,6.30307615E-01,4.54695851E-01,3.00465355E-04,1.03691062E-04,7.70049519E-05,3.9019,,,,,,,,,,,C,0.0,2448.0
H1743-322,80146-01-30-00,2.18951392E+00,4.26082164E-02,4.62889299E-02,1.30423057E+00,1.45481855E-01,1.19778410E-01,2.96236412E-03,4.03175974E-04,3.44378466E-04,8.60206,4.49227762E+00,6.44012587E-03,6.00428227E-03,5.69129586E-01,1.69036705E-02,1.68028735E-02,1.44973928E-02,2.89529329E-04,2.98234110E-04,48.6108,8.76270008E+00,5.85949793E-02,5.50037026E-02,1.29804742E+00,2.36375421E-01,2.27517843E-01,6.84132567E-04,1.37891897E-04,1.33207956E-04,5.13582,,,,,,,,,,,C,0.0,3184.0
H1743-322,80146-01-30-00-2,2.16331863E+00,9.32223797E-02,7.77579769E-02,7.77619421E-01,3.46267492E-01,3.96528125E-01,6.03236665E-04,2.34385399E-04,2.48611555E-04,2.42642,4.34336233E+00,6.54505892E-03,6.31814683E-03,4.16221976E-01,1.74993668E-02,1.63960606E-02,1.26203457E-02,4.10326349E-04,4.40732721E-04,28.6349,8.58263683E+00,4.82096225E-02,4.73618992E-02,2.09520173E+00,2.41147012E-01,2.48976603E-01,1.68650562E-03,1.59364674E-04,1.70514337E-04,9.8907,,,,,,,,,,,C,5680.0,8864.0
H1743-322,80146-01-32-00,2.44585395E+00,7.20893070E-02,6.85022175E-02,1.32732248E+00,2.22419068E-01,2.15028644E-01,2.31883419E-03,5.83224813E-04,5.53885358E-04,4.18649,4.89323616E+00,6.19798107E-03,5.79691213E-03,5.12545943E-01,1.89382024E-02,1.70615446E-02,1.22330729E-02,2.97401741E-04,2.76548002E-04,44.2349,9.63006020E+00,5.31881973E-02,4.89292480E-02,1.21823573E+00,2.07088038E-01,1.88456625E-01,6.39687642E-04,9.59792815E-05,9.16549980E-05,6.9793,,,,,,,,,,,C,0.0,3168.0
H1743-322,80146-01-34-00,1.37551785E+00,3.70833427E-02,4.23761047E-02,8.81060123E-01,1.30271181E-01,1.08844943E-01,3.69611662E-03,6.53840485E-04,5.88456460E-04,6.28104,2.81998229E+00,5.22413198E-03,5.14144497E-03,3.43485802E-01,1.45378811E-02,1.46619398E-02,1.81060955E-02,4.57291346E-04,4.93862783E-04,36.6622,5.54901695E+00,2.16002930E-02,2.12343782E-02,5.19108534E-01,6.92351386E-02,6.25861287E-02,1.23067573E-03,1.42571807E-04,1.33985784E-04,9.18512,,,,,,,,,,,C,0.0,3184.0
H1743-322,80146-01-34-00-2,1.36825764E+00,2.62626223E-02,2.35767607E-02,7.50077844E-01,8.51162821E-02,8.77561569E-02,3.97933973E-03,4.95128101E-04,5.63856331E-04,7.05736,2.78832340E+00,4.71812859E-03,4.61116852E-03,3.19374710E-01,1.42350011E-02,1.32463286E-02,1.82311106E-02,4.73639491E-04,4.68526181E-04,38.9116,5.46532536E+00,1.93265527E-02,1.84387676E-02,4.40055192E-01,4.85567860E-02,4.42402102E-02,1.27337070E-03,1.25262901E-04,1.19897042E-04,10.6205,,,,,,,,,,,C,5680.0,8864.0
H1743-322,80146-01-35-00,1.18300414E+00,3.19659039E-02,2.97261700E-02,3.63732070E-01,2.18822151E-01,9.18281078E-02,1.76038418E-03,1.48509443E-03,4.66837897E-04,3.77087,2.26002955E+00,5.89301949E-03,6.20936463E-03,2.09258988E-01,2.26211213E-02,2.08312012E-02,1.63586419E-02,1.16807537E-03,1.20265002E-03,13.6022,4.50505495E+00,3.18849981E-02,3.42204012E-02,6.67226255E-01,1.48156673E-01,1.23574890E-01,2.39670160E-03,5.65118447E-04,5.39010623E-04,4.44648,,,,,,,,,,,C,0.0,1392.0
H1743-322,80146-01-36-00,,,,,,,,,,,1.84013915E+00,3.24137718E-03,3.30340466E-03,2.32256353E-01,8.74136388E-03,8.86815973E-03,1.82263721E-02,4.85826953E-04,5.08944388E-04,35.8121,3.60606503E+00,1.48049174E-02,1.37484325E-02,6.74221098E-01,4.94802855E-02,4.84860018E-02,3.37968161E-03,2.12168976E-04,2.18760077E-04,15.4493,5.36989212E+00,9.77960005E-02,1.08586259E-01,2.43706131E+00,3.21042091E-01,3.37029755E-01,1.72310357E-03,2.75620114E-04,2.65141192E-04,6.49882,C,0.0,8768.0
H1743-322,80146-01-37-00,9.39408541E-01,1.77653376E-02,1.88155491E-02,1.51216865E-01,4.92949784E-02,3.87598537E-02,5.39611443E-04,1.46316946E-04,1.37449329E-04,3.92589,1.91020775E+00,3.22869979E-03,3.31864064E-03,2.42973596E-01,9.79676936E-03,1.03824157E-02,1.79750826E-02,5.03305520E-04,5.46343334E-04,32.9007,3.72728014E+00,1.78994387E-02,1.68830268E-02,7.77604699E-01,6.61278367E-02,6.45338893E-02,3.38007580E-03,2.60648783E-04,2.65155133E-04,12.7475,5.60027170E+00,8.68604779E-02,9.51278359E-02,2.20424747E+00,2.88100779E-01,2.82161206E-01,1.43843377E-03,2.17053879E-04,2.01994466E-04,7.12115,C,0.0,8864.0
H1743-322,80146-01-38-00,1.30713594E+00,2.61019915E-02,3.53204757E-02,7.29380906E-01,1.18654139E-01,8.93715248E-02,4.08593379E-03,8.15975596E-04,6.48242130E-04,6.3031,2.78885221E+00,5.51560894E-03,5.43473568E-03,3.89865577E-01,1.50092868E-02,1.47872102E-02,2.07199771E-02,5.31260041E-04,5.41294343E-04,38.2786,5.48075676E+00,3.20741944E-02,3.01506482E-02,5.95919967E-01,6.66158199E-02,6.21419437E-02,1.41309272E-03,1.66751808E-04,1.59524585E-04,8.85815,,,,,,,,,,,C,0.0,3168.0
H1743-322,80146-01-38-00-2,1.57195222E+00,2.22057793E-02,2.22581588E-02,7.39687443E-01,7.59011284E-02,7.00333863E-02,3.75128374E-03,4.07445652E-04,4.00215038E-04,9.37317,3.24563336E+00,4.93565714E-03,4.72959969E-03,3.58181119E-01,1.51172541E-02,1.37023097E-02,1.82272270E-02,4.48983279E-04,4.35264286E-04,41.8762,6.45259666E+00,2.14828625E-02,2.11158637E-02,6.32809699E-01,6.64321482E-02,6.16679601E-02,1.32933841E-03,1.19012671E-04,1.17339063E-04,11.329,,,,,,,,,,,C,5664.0,8848.0
H1743-322,80146-01-40-00,,,,,,,,,,,1.57592893E+00,6.46367390E-03,6.02226751E-03,1.44320399E-01,2.08511762E-02,1.68475974E-02,1.62427165E-02,1.21825607E-03,1.20331696E-03,13.4983,3.11961794E+00,3.59367803E-02,3.54571678E-02,5.47608614E-01,1.84026822E-01,1.72104865E-01,3.32750683E-03,9.08826711E-04,1.20561442E-03,2.76001,,,,,,,,,,,C,0.0,1008.0
H1743-322,80146-01-40-00-2,,,,,,,,,,,1.79288399E+00,7.26389745E-03,7.24823028E-03,2.11914316E-01,2.55972110E-02,2.30005160E-02,1.95811950E-02,1.29752443E-03,1.31443655E-03,14.897,3.48662519E+00,4.00875658E-02,4.18799110E-02,6.51245117E-01,2.54232913E-01,1.87167317E-01,2.95205764E-03,8.89052637E-04,6.99210621E-04,4.22199,,,,,,,,,,,C,5552.0,6656.0
H1743-322,80146-01-40-00-3,,,,,,,,,,,1.76279187E+00,6.09850930E-03,6.02776324E-03,2.43687660E-01,1.69593524E-02,1.55815799E-02,2.13022418E-02,1.00071717E-03,1.00289402E-03,21.2408,3.41780567E+00,2.45129429E-02,2.41123755E-02,6.68885529E-01,8.37240890E-02,7.22027123E-02,4.42566350E-03,4.51355038E-04,4.24178055E-04,10.4335,5.34416008E+00,1.57481447E-01,2.18911558E-01,1.94265783E+00,6.47801697E-01,5.11266351E-01,1.74484449E-03,6.56150922E-04,4.65990917E-04,3.74437,C,6864.0,8736.0
H1743-322,80146-01-42-00,1.51340163E+00,3.01873405E-02,3.04217488E-02,9.57042217E-01,1.38721302E-01,1.32626355E-01,4.37806454E-03,9.05764871E-04,8.73687328E-04,5.01102,3.03260636E+00,5.61628165E-03,5.48497494E-03,3.43279749E-01,1.68267023E-02,1.59652438E-02,1.87848937E-02,6.47432462E-04,6.58413803E-04,28.5305,5.96073151E+00,2.64020320E-02,2.66076624E-02,1.00172389E+00,1.21758141E-01,1.16078489E-01,2.71916133E-03,3.66212073E-04,3.79433506E-04,7.16637,,,,,,,,,,,C,0.0,3205.0
H1743-322,80146-01-42-00-2,1.67277980E+00,3.02077774E-02,3.40757035E-02,7.11392522E-01,1.82378426E-01,2.24111930E-01,3.10357590E-03,1.01164111E-03,1.18646957E-03,2.61581,3.29600978E+00,5.28910803E-03,5.29363239E-03,3.18224996E-01,1.84145030E-02,1.76264532E-02,1.77182183E-02,7.68366386E-04,7.65885226E-04,23.1343,6.51304579E+00,2.13802084E-02,2.11893227E-02,7.82799304E-01,9.98194814E-02,9.05652568E-02,1.78746355E-03,2.50312907E-04,2.25833457E-04,7.91496,,,,,,,,,,,C,5696.0,8893.0
H1743-322,80146-01-43-00,1.84697664E+00,2.86668707E-02,2.72988211E-02,9.04075325E-01,1.04462512E-01,1.03146039E-01,3.44262063E-03,4.36593487E-04,4.55501984E-04,7.55786,3.79331088E+00,4.71364334E-03,4.60049184E-03,3.80312026E-01,1.48356864E-02,1.36410249E-02,1.86117012E-02,4.32027213E-04,4.23703401E-04,43.9262,7.50685501E+00,2.04406418E-02,1.99503787E-02,6.58658683E-01,6.50565326E-02,6.08076304E-02,1.29037525E-03,1.04826962E-04,1.02848760E-04,12.5463,,,,,,,,,,,C,0.0,3200.0
H1743-322,80146-01-43-01,1.86669564E+00,5.79125956E-02,8.18934217E-02,1.09815836E+00,2.57684350E-01,1.90610677E-01,3.54814157E-03,1.21000805E-03,8.72002216E-04,4.06896,3.79732609E+00,9.30479914E-03,8.88710003E-03,4.51459229E-01,2.28119921E-02,2.10229494E-02,1.74869951E-02,6.03980734E-04,5.97401930E-04,29.2717,7.51590395E+00,4.18449678E-02,4.17033210E-02,8.47171545E-01,1.66780770E-01,1.45337939E-01,1.32732198E-03,2.35623927E-04,2.18499365E-04,6.07472,,,,,,,,,,,C,0.0,1424.0
H1743-322,80146-01-44-00,1.89745927E+00,3.53735760E-02,3.71895060E-02,1.09272969E+00,1.61349103E-01,1.51316658E-01,3.74501804E-03,7.07017491E-04,6.76901313E-04,5.53259,3.78450751E+00,7.55436532E-03,7.47198798E-03,3.19263756E-01,2.13326272E-02,2.22910345E-02,1.55671146E-02,9.57143086E-04,1.16649666E-03,13.3452,7.54417992E+00,2.60444377E-02,2.56980248E-02,7.51506865E-01,1.04314834E-01,9.35643241E-02,1.24822755E-03,1.66556812E-04,1.53427623E-04,8.13561,,,,,,,,,,,C,0.0,3200.0
H1743-322,80146-01-45-00,1.72211480E+00,2.33248025E-02,2.70137526E-02,9.38732326E-01,9.01018530E-02,8.12951252E-02,4.00841609E-03,4.88625374E-04,4.41275100E-04,9.08371,3.61640882E+00,4.06219717E-03,3.85842612E-03,4.53954756E-01,1.08367335E-02,1.10180844E-02,1.97052602E-02,3.15444981E-04,3.31318413E-04,59.4753,7.12197733E+00,2.35622954E-02,2.27355286E-02,9.56440270E-01,7.62291476E-02,7.05484673E-02,1.54963019E-03,1.24767786E-04,1.16955373E-04,13.2498,,,,,,,,,,,C,0.0,8880.0
H1743-322,80146-01-46-00,2.36864495E+00,4.29424718E-02,4.84596938E-02,9.67367411E-01,1.73102468E-01,1.49027169E-01,1.78433035E-03,3.84149927E-04,3.19314277E-04,5.58801,4.67942810E+00,5.79789560E-03,6.04473241E-03,4.37443465E-01,1.56615879E-02,1.77339818E-02,1.38498079E-02,3.10334697E-04,3.55489814E-04,38.9598,9.26048851E+00,3.84734049E-02,3.79387662E-02,1.00144482E+00,1.31313667E-01,1.22411698E-01,8.50911718E-04,9.13507974E-05,8.94108744E-05,9.51687,,,,,,,,,,,C,0.0,3072.0
H1743-322,93427-01-09-00,,,,,,,,,,,3.31207484E-01,3.26830917E-03,2.97984155E-03,2.49420665E-02,8.75429995E-03,7.23704044E-03,1.31451637E-02,2.49266275E-03,2.49377661E-03,5.27119,6.66171134E-01,1.27933677E-02,1.26416739E-02,9.18512568E-02,4.20824625E-02,2.54085343E-02,7.37544196E-03,1.73279189E-03,1.65432564E-03,4.45828,,,,,,,,,,,C,0.0,640.0
H1743-322,93427-01-09-01,,,,,,,,,,,3.78944695E-01,3.41950660E-03,3.39245540E-03,7.01027960E-02,7.80004496E-03,7.10180169E-03,2.39476673E-02,2.33277981E-03,2.18336890E-03,10.9682,7.60835230E-01,1.28235202E-02,1.32917156E-02,1.25748292E-01,3.01546659E-02,3.80084142E-02,4.66571143E-03,1.19804824E-03,1.13729411E-03,4.10247,,,,,,,,,,,C,0.0,3106.6
H1743-322,93427-01-09-03,,,,,,,,,,,4.32525814E-01,4.67628101E-03,4.49201697E-03,5.10731749E-02,5.07527683E-03,4.75351699E-03,1.66004691E-02,1.41959859E-03,1.50110712E-03,11.0588,9.03284311E-01,1.41932368E-02,1.09557658E-02,1.12029344E-01,6.76043406E-02,5.86224571E-02,2.24625389E-03,7.11507746E-04,5.37171087E-04,4.18164,,,,,,,,,,,C,0.0,3168.0
H1743-322,93427-01-10-00,,,,,,,,,,,5.83644032E-01,5.80296107E-03,5.88380685E-03,1.12662308E-01,2.02314425E-02,1.99335329E-02,3.04410923E-02,3.31292069E-03,3.66186025E-03,8.31301,1.20751262E+00,2.57746950E-02,2.72323955E-02,2.74124354E-01,8.97546485E-02,7.43485838E-02,6.00886578E-03,2.00945348E-03,1.94789143E-03,3.08481,,,,,,,,,,,C,0.0,832.0
H1743-322,93427-01-11-01,,,,,,,,,,,1.02596498E+00,4.24401322E-03,4.37295390E-03,1.83054492E-01,1.23190321E-02,1.17058642E-02,2.51474716E-02,1.09133741E-03,1.11148902E-03,22.625,2.10454488E+00,3.68889421E-02,3.47635224E-02,4.17917162E-01,1.66674018E-01,1.17059812E-01,2.41284771E-03,8.17158842E-04,6.35393313E-04,3.79741,,,,,,,,,,,C,0.0,2976.0
H1743-322,93427-01-13-00,,,,,,,,,,,2.60701060E+00,9.58641525E-03,9.49821901E-03,4.50559497E-01,3.44227515E-02,3.06362864E-02,1.59538463E-02,9.33462114E-04,8.51111079E-04,18.7447,5.29780388E+00,2.11260855E-01,2.00425208E-01,1.02949595E+00,7.59008765E-01,4.16041434E-01,1.38707797E-03,1.26259541E-03,6.59296173E-04,2.10388,,,,,,,,,,,C,0.0,3312.0
H1743-322,93427-01-13-02,,,,,,,,,,,2.24292397E+00,1.26906941E-02,1.23165604E-02,3.29419196E-01,4.17198390E-02,3.68282571E-02,1.37490798E-02,1.19364401E-03,1.16743846E-03,11.7771,4.50457335E+00,4.69821431E-02,3.08935288E-02,1.76825657E-01,1.74063534E-01,1.66200623E-01,9.68371984E-04,5.28466888E-04,4.03839804E-04,2.39791,,,,,,,,,,,C,0.0,1745.6
H1743-322,93427-01-13-04,,,,,,,,,,,2.38328147E+00,8.90722871E-03,9.29234829E-03,3.64371926E-01,3.59621644E-02,2.84214281E-02,1.53889004E-02,1.15509867E-03,8.65376729E-04,17.7829,4.81704617E+00,7.72576407E-02,2.58324414E-01,6.02005184E-01,9.98736858E-01,2.52432704E-01,1.91210711E-03,2.10632454E-03,6.15189143E-04,3.10816,,,,,,,,,,,C,0.0,2871.6
H1743-322,94413-01-02-00,,,,,,,,,,,9.09133196E-01,1.88851799E-03,1.79243402E-03,4.42885458E-02,1.04078688E-02,1.18138585E-02,3.39830592E-02,7.17898645E-03,3.94226657E-03,8.62018,1.83425570E+00,6.10432867E-03,7.07299262E-03,1.05082624E-01,2.06764787E-02,2.03997511E-02,5.24392631E-03,6.17101672E-04,6.05415495E-04,8.6617,2.75654554E+00,5.62693849E-02,4.50911447E-02,2.61671156E-01,3.06262493E-01,1.84778452E-01,1.06160145E-03,7.67491292E-04,4.35824913E-04,2.43584,C,0.0,1508.0
H1743-322,94413-01-02-01,,,,,,,,,,,1.19028783E+00,4.74948483E-03,4.69407858E-03,7.18703568E-02,7.04762712E-03,6.11332897E-03,2.40278430E-02,1.83654774E-03,1.79056264E-03,13.4192,2.39022827E+00,9.37927514E-03,9.41669103E-03,1.57831356E-01,3.11044492E-02,2.61338167E-02,5.40864654E-03,6.04343659E-04,6.03232416E-04,8.96611,,,,,,,,,,,C,0.0,1040.0
H1743-322,94413-01-02-02,,,,,,,,,,,1.00422966E+00,3.40128108E-03,3.41491308E-03,5.71613386E-02,3.58130736E-03,3.32924328E-03,2.31483039E-02,1.23888336E-03,1.23775599E-03,18.7018,2.00599599E+00,6.93426980E-03,7.43158441E-03,1.15643926E-01,1.35174813E-02,1.21328700E-02,4.98274900E-03,4.39310475E-04,4.37157694E-04,11.3981,,,,,,,,,,,C,0.0,2960.6
H1743-322,94413-01-02-03,,,,,,,,,,,3.58307099E+00,5.91784436E-03,5.88569185E-03,3.29019576E-01,1.50060430E-02,1.42341061E-02,1.81710031E-02,5.43048372E-04,5.44391107E-04,33.3786,7.18943357E+00,3.75773013E-02,3.61804888E-02,1.06308508E+00,1.48182824E-01,1.27902627E-01,2.70914752E-03,2.66423158E-04,2.43916409E-04,11.1069,,,,,,,,,,,C,0.0,2192.0
H1743-322,94413-01-02-04,,,,,,,,,,,2.01682472E+00,3.23131192E-03,3.31730396E-03,1.25155851E-01,7.56461686E-03,7.06646033E-03,2.88886186E-02,1.15635630E-03,1.18100131E-03,24.4611,4.02853394E+00,1.40574463E-02,1.39996642E-02,2.74866730E-01,4.60537262E-02,4.42516990E-02,3.03181587E-03,3.43581312E-04,3.43109452E-04,8.83629,,,,,,,,,,,C,0.0,2192.0
H1743-322,94413-01-02-05,,,,,,,,,,,1.27768838E+00,1.94829796E-03,2.36198166E-03,6.75334111E-02,7.20418198E-03,6.63310243E-03,3.01204007E-02,1.81826600E-03,1.75907090E-03,17.1229,2.54908156E+00,7.30021298E-03,7.21989013E-03,1.64995521E-01,2.47680210E-02,2.20475923E-02,4.82927682E-03,4.35592956E-04,4.39932483E-04,10.9773,3.84826875E+00,4.01290432E-02,4.15843949E-02,3.25785697E-01,1.49350554E-01,9.97337997E-02,1.22194143E-03,3.72979674E-04,3.11856507E-04,3.91828,C,0.0,2246.6
H1743-322,95360-14-01-00,,,,,,,,,,,1.00369000E+00,2.64926464E-03,2.41913786E-03,7.64400959E-02,4.71169641E-03,4.79938881E-03,1.99636240E-02,9.01932770E-04,9.70428577E-04,20.572,2.02491617E+00,5.27703529E-03,5.29557280E-03,1.80431113E-01,1.73562225E-02,1.41043309E-02,8.21425766E-03,5.33353537E-04,4.58598864E-04,17.9116,3.06270242E+00,6.36228174E-02,5.10566868E-02,3.36959660E-01,1.88733488E-01,1.32747963E-01,8.05392221E-04,4.29366104E-04,2.68749951E-04,2.99681,C,0.0,3184.0
H1743-322,95360-14-02-00,,,,,,,,,,,1.17069149E+00,1.98949571E-03,1.86339137E-03,6.39837608E-02,5.41248033E-03,4.66417428E-03,2.36829370E-02,1.14460266E-03,1.12571928E-03,21.038,2.35174847E+00,4.53459611E-03,4.67364211E-03,1.39633968E-01,1.61731355E-02,1.46158058E-02,7.08642369E-03,5.26084099E-04,4.96096094E-04,14.2844,,,,,,,,,,,C,0.0,3073.6
H1743-322,95360-14-02-01,,,,,,,,,,,1.04708278E+00,4.99085616E-03,4.38001612E-03,7.10486174E-02,1.19659062E-02,1.01010287E-02,2.54390128E-02,2.52511725E-03,2.53721909E-03,10.0263,2.08670974E+00,1.39634833E-02,1.38677321E-02,1.69717133E-01,4.58868891E-02,3.77150513E-02,7.39116035E-03,1.25494425E-03,1.18994887E-03,6.21133,,,,,,,,,,,C,0.0,704.0
H1743-322,95360-14-02-02,,,,,,,,,,,2.96202421E+00,9.19456035E-03,9.19272657E-03,2.80597180E-01,2.16632448E-02,2.00509876E-02,2.13678665E-02,1.12341170E-03,1.15067943E-03,18.5698,6.03302765E+00,4.86846045E-02,4.51497287E-02,5.58996022E-01,1.52434275E-01,1.15428358E-01,2.78295018E-03,6.13572134E-04,5.32292179E-04,5.22824,,,,,,,,,,,C,0.0,932.6
H1743-322,95360-14-02-03,,,,,,,,,,,1.77022767E+00,3.52722453E-03,3.75153241E-03,1.03106894E-01,9.76801757E-03,9.09785461E-03,2.87363678E-02,1.66350021E-03,1.68203143E-03,17.0843,3.55233693E+00,1.58119909E-02,1.49658425E-02,2.49493986E-01,5.58478050E-02,4.92825620E-02,3.65221943E-03,4.83205891E-04,4.69152757E-04,7.78471,,,,,,,,,,,C,0.0,1280.0
H1743-322,95360-14-03-00,,,,,,,,,,,1.47722709E+00,1.75058236E-03,1.66720618E-03,7.32739642E-02,5.89173799E-03,5.35196858E-03,2.59423275E-02,1.19228929E-03,1.15699612E-03,22.4221,2.97004557E+00,6.58090739E-03,6.38598809E-03,1.97648466E-01,2.31772102E-02,1.91246886E-02,5.08938404E-03,3.65656510E-04,3.23034241E-04,15.7549,4.41128588E+00,5.02471067E-02,4.09812927E-02,5.44380903E-01,3.18596423E-01,1.75979570E-01,1.49805658E-03,5.46555733E-04,3.55493161E-04,4.21402,C,0.0,3200.0
H1743-322,95368-01-01-00,,,,,,,,,,,9.14683938E-01,1.77665800E-03,1.58512767E-03,5.59570901E-02,4.86499351E-03,6.49730349E-03,1.66769885E-02,7.57528178E-04,7.38474133E-04,22.583,1.85204053E+00,3.79585940E-03,3.76299024E-03,1.58901006E-01,1.01922369E-02,9.73041449E-03,9.63671226E-03,3.96506919E-04,3.97623924E-04,24.2357,,,,,,,,,,,C,0.0,8096.0
H1743-322,95405-01-03-00,,,,,,,,,,,2.03944898E+00,1.63782146E-02,1.63229294E-02,5.08472502E-01,5.99843636E-02,5.58498539E-02,1.98723469E-02,1.56945561E-03,1.68287556E-03,11.8086,4.15641499E+00,2.88169205E-01,4.48584706E-01,4.32976151E+00,1.03863561E+00,7.95104980E-01,1.76906902E-02,3.08136921E-03,2.39349925E-03,7.39114,,,,,,,,,,,C,0.0,1280.0
H1743-322,96425-01-01-01,,,,,,,,,,,5.27614176E-01,2.14714278E-03,2.11645989E-03,3.03627569E-02,4.06695809E-03,3.35584371E-03,2.03973725E-02,1.88836025E-03,1.88828586E-03,10.8021,1.06406426E+00,7.86482450E-03,8.27461109E-03,1.25989020E-01,2.41539869E-02,1.99972987E-02,8.10970459E-03,9.77181713E-04,9.44157655E-04,8.58935,,,,,,,,,,,,0.0,1792.0
H1743-322,96425-01-02-00,,,,,,,,,,,6.72188759E-01,2.04601162E-03,1.81438914E-03,8.12134743E-02,5.53597789E-03,4.92168311E-03,2.60188393E-02,1.08237879E-03,9.79137956E-04,26.5732,1.37067151E+00,8.23190343E-03,8.59249104E-03,1.87117413E-01,2.86158901E-02,2.18658131E-02,3.82277928E-03,5.27742144E-04,4.12080874E-04,9.27677,2.10746288E+00,2.80883946E-02,3.03581636E-02,2.69578159E-01,9.46596414E-02,6.64203390E-02,1.12025370E-03,3.44125408E-04,2.58899236E-04,4.32699,,0.0,8672.0
