#Identifier: MAXIJ1535  Search term: 0503601  Nobs: 20
1050360103
1050360104
1050360105
1050360106
1050360107
1050360108
1050360109
1050360110
1050360111
1050360112
1050360113
1050360114
1050360115
1050360116
1050360117
1050360118
1050360119
1050360120
#Identifier: MAXIJ1535  Search term: 13036  Nobs: 210
1130360101
1130360102
1130360103
1130360104
1130360105
1130360105
1130360106
1130360107
1130360108
1130360109
1130360110
1130360110
1130360111
1130360111
1130360112
1130360113
1130360114
1130360115
1130360116
1130360117
1130360118
1130360118
1130360119
1130360119
1130360120
1130360120
1130360121
1130360122
1130360123
1130360124
1130360125
1130360126
1130360127
1130360128
1130360129
1130360130
1130360131
1130360132
1130360133
1130360134
1130360135
1130360136
1130360137
1130360138
1130360139
1130360140
1130360141
1130360142
1130360143
1130360144
1130360145
1130360145
1130360146
1130360147
1130360148
1130360148
1130360149
1130360150
1130360151
1130360152
1130360153
1130360154
1130360155
1130360156
1130360157
1130360158
1130360159
1130360160
1130360161
1130360162
1130360163
1130360164
1130360165
1130360166
1130360167
1130360168
1130360169
1130360170
1130360171
1130360172
1130360173
1130360174
1130360175
1130360176
1130360177
1130360178
1130360179
1130360180
1130360181
1130360182
1130360183
1130360184
1130360185
1130360186
1130360187
1130360188
1130360189
1130360190
1130360191
1130360192
1130360193
1130360194
1130360195
1130360196
1130360197
1130360198
1130360199
1130360201
1130360202
1130360203
1130360204
1130360205
1130360206
1130360207
1130360208
1130360209
1130360210
1130360211
1130360212
1130360213
1130360214
1130360215
1130360216
1130360217
1130360218
1130360219
1130360220
1130360221
1130360222
1130360223
1130360224
1130360225
1130360226
1130360227
1130360228
1130360229
1130360230
1130360231
1130360232
1130360233
1130360234
1130360235
1130360236
1130360237
1130360238
1130360239
1130360240
1130360241
1130360242
1130360243
1130360244
1130360244
1130360245
1130360246
1130360246
1130360246
1130360247
1130360248
1130360249
1130360250
1130360251
1130360252
1130360253
1130360254
1130360255
1130360256
1130360257
1130360258
1130360259
1130360260
1130360261
1130360262
1130360263
1130360264
1130360265
1130360266
1130360267
1130360268
1130360269
1130360270
1130360271
1130360272
1130360273
1130360274
1130360275
1130360276
1130360277
1130360278
1130360279
1130360280
1130360281
1130360282
1130360283
1130360284
1130360285
1130360286
1130360287
1130360288
2130360201
2130360202
2130360203
2130360204
2130360205
2130360206
2130360207
2130360208
2130360209
2130360210
2130360211
2130360212
