observation_ID,date,frequency,frequency_err,width,width_err,rms,rms_err
10258-01-02-00,50293.76,0.696,0.002,0.091,0.005,10.590,0.260
10408-01-22-00,50275.08,3.479,0.005,0.363,0.016,10.202,0.134
10408-01-22-01,50275.22,2.777,0.005,0.371,0.011,11.799,0.120
10408-01-22-02,50275.35,2.555,0.005,0.346,0.012,11.855,0.134
10408-01-25-00,50283.49,1.118,0.002,0.148,0.007,12.086,0.226
10408-01-27-00,50290.57,0.631,0.002,0.068,0.004,9.422,0.204
10408-01-33-00,50333.75,5.404,0.010,1.120,0.040,5.525,0.089
10408-01-42-00,50379.15,4.888,0.007,0.790,0.021,6.333,0.060
10408-01-45-00,50385.49,3.237,0.004,0.632,0.012,12.642,0.112
20402-01-01-00,50394.23,4.908,0.007,0.735,0.018,5.826,0.032
20402-01-02-01,50401.09,4.240,0.011,0.648,0.029,8.030,0.123
80188-01-01-00,53084.36,0.983,0.005,0.096,0.017,10.636,0.646
80188-01-01-01,53084.22,0.927,0.004,0.090,0.008,11.131,0.373
80188-01-01-02,53084.43,0.993,0.004,0.107,0.011,11.949,0.408
80188-01-01-03,53084.29,0.913,0.006,0.081,0.014,10.724,0.625
80188-01-01-04,53084.49,0.962,0.005,0.069,0.010,10.135,0.503
80188-02-01-00,53094.58,0.808,0.001,0.091,0.004,10.468,0.171
80188-03-01-01,53103.11,0.799,0.004,0.080,0.008,9.344,0.307
90108-01-02-00,53124.07,2.321,0.007,0.170,0.014,11.976,0.297
80127-02-01-01,52739.53,1.054,0.004,0.128,0.011,12.505,0.365
80127-02-02-00,52739.21,1.097,0.004,0.121,0.011,12.384,0.410
80127-02-02-01,52739.07,1.030,0.004,0.103,0.013,11.856,0.564
80127-02-02-02,52739.01,1.076,0.004,0.130,0.010,12.761,0.396
80127-02-03-00,52739.27,1.088,0.002,0.152,0.005,13.233,0.163
80127-05-05-00,53140.01,4.115,0.010,0.472,0.027,9.317,0.162
80127-05-05-01,53140.15,3.762,0.009,0.362,0.026,9.634,0.200
80127-05-05-02,53140.08,3.977,0.009,0.471,0.021,9.800,0.164
90105-01-03-00,53140.21,4.809,0.017,0.685,0.054,7.016,0.216
90105-01-03-01,53140.28,4.968,0.008,0.806,0.026,6.728,0.089
90105-02-01-00,53139.03,5.186,0.018,0.549,0.050,5.462,0.153
90105-02-01-01,53139.16,5.707,0.026,0.924,0.087,4.825,0.172
90105-02-01-02,53139.23,5.086,0.018,0.655,0.060,6.193,0.203
90105-02-02-00,53139.30,5.085,0.020,0.721,0.045,6.447,0.143
90105-02-03-00,53139.10,5.316,0.024,0.804,0.065,5.471,0.190
90105-02-04-00,53852.15,4.176,0.009,0.504,0.025,10.071,0.175
90105-02-05-00,53996.15,3.974,0.008,0.615,0.010,10.324,0.075
90105-05-03-00,53442.96,0.897,0.004,0.115,0.012,11.943,0.329
90105-05-03-01,53443.03,0.968,0.004,0.098,0.011,11.610,0.355
90105-05-03-02,53443.10,0.974,0.003,0.069,0.009,10.821,0.435
90105-05-03-03,53443.24,0.970,0.004,0.074,0.008,10.374,0.411
90105-05-03-04,53444.02,1.391,0.004,0.146,0.012,12.548,0.297
90105-05-03-05,53444.08,1.307,0.004,0.155,0.012,12.750,0.299
90105-07-01-00,53472.92,4.014,0.004,0.521,0.010,10.583,0.072
90105-07-02-00,53473.05,3.885,0.005,0.631,0.012,11.135,0.074
90105-07-03-00,53473.97,4.093,0.007,0.576,0.018,10.677,0.115
90105-09-02-00,54025.42,2.870,0.004,0.264,0.012,13.678,0.187
90105-09-05-00,54058.95,3.882,0.007,0.439,0.017,10.319,0.139
90105-09-06-00,54166.94,2.975,0.004,0.121,0.009,12.677,0.303
90105-09-07-00,54173.16,2.270,0.008,0.201,0.016,13.156,0.312
90105-09-08-01,54177.39,2.996,0.007,0.263,0.016,12.409,0.264
90105-10-01-00,54187.87,2.152,0.004,0.088,0.005,13.708,0.254
90105-10-05-00,54214.57,3.748,0.008,0.447,0.017,11.151,0.163
90105-10-06-00,54226.62,2.047,0.002,0.056,0.004,15.393,0.370
90105-10-07-00,54232.44,2.144,0.003,0.066,0.005,15.342,0.424
20186-03-02-05,50708.06,4.621,0.014,0.882,0.041,8.367,0.127
20402-01-04-00,50415.13,4.639,0.007,0.919,0.020,8.065,0.066
20402-01-05-00,50421.97,2.827,0.004,0.441,0.014,12.690,0.140
20402-01-07-00,50436.65,3.124,0.006,0.725,0.022,12.749,0.171
20402-01-08-00,50441.91,3.887,0.007,0.791,0.021,10.637,0.092
20402-01-08-01,50442.12,3.472,0.009,0.762,0.034,11.600,0.221
20402-01-09-00,50448.28,2.831,0.005,0.559,0.014,12.344,0.102
20402-01-10-00,50455.98,2.924,0.005,0.624,0.014,12.216,0.095
20402-01-11-00,50462.06,2.934,0.006,0.588,0.028,11.688,0.220
20402-01-12-00,50471.06,2.805,0.005,0.556,0.022,12.070,0.183
20402-01-13-00,50477.87,3.659,0.007,0.904,0.027,11.307,0.164
20402-01-14-00,50480.87,3.568,0.007,0.867,0.029,11.350,0.171
20402-01-15-00,50488.78,2.262,0.004,0.400,0.016,12.390,0.203
20402-01-16-00,50501.88,2.989,0.007,0.534,0.025,10.995,0.206
20402-01-18-00,50512.88,3.243,0.009,0.569,0.034,10.824,0.245
20402-01-19-00,50517.04,2.211,0.004,0.327,0.014,12.348,0.183
20402-01-20-00,50524.92,3.211,0.006,0.543,0.011,10.811,0.160
20402-01-21-00,50533.83,3.526,0.010,0.682,0.039,10.753,0.250
20402-01-21-01,50534.90,3.652,0.011,0.771,0.044,10.952,0.262
20402-01-24-00,50561.13,2.723,0.007,0.556,0.026,12.401,0.233
20402-01-27-01,50576.67,4.196,0.013,0.823,0.039,9.691,0.173
20402-01-47-01,50710.00,5.406,0.022,0.568,0.104,5.008,0.426
20402-01-48-00,50720.59,4.655,0.011,0.900,0.040,4.576,0.067
20402-01-49-01,50730.39,2.725,0.005,0.327,0.012,11.482,0.131
20402-01-50-00,50735.54,0.850,0.004,0.109,0.010,10.957,0.319
20402-01-50-01,50737.40,1.047,0.003,0.141,0.007,11.545,0.173
20402-01-51-00,50743.29,1.390,0.002,0.147,0.006,11.772,0.204
30182-01-01-00,51002.20,2.145,0.003,0.349,0.008,15.144,0.133
30182-01-01-01,51002.16,1.852,0.009,0.145,0.019,13.190,0.585
30182-01-02-01,51003.16,2.468,0.014,0.253,0.023,12.566,0.448
30182-01-04-02,51006.17,2.988,0.011,0.289,0.019,11.609,0.335
30402-01-09-00,50912.88,1.990,0.004,0.294,0.010,13.272,0.169
30402-01-09-01,50913.00,2.153,0.004,0.237,0.011,12.701,0.180
30402-01-10-00,50914.39,1.662,0.003,0.214,0.007,12.835,0.164
30402-01-12-00,50944.94,1.946,0.007,0.212,0.015,11.807,0.305
30402-01-12-01,50945.01,1.648,0.005,0.143,0.014,11.739,0.462
30402-01-12-02,50945.08,1.607,0.005,0.139,0.011,11.397,0.319
30402-01-12-03,50945.15,1.689,0.006,0.195,0.012,12.522,0.150
30402-01-16-00,51053.69,2.525,0.008,0.350,0.024,12.370,0.297
30402-01-17-00,51067.62,3.670,0.008,0.805,0.023,10.997,0.132
30402-01-18-00,51096.34,2.725,0.008,0.507,0.015,12.553,0.276
30703-01-14-00,50909.88,1.657,0.004,0.269,0.009,13.362,0.155
30703-01-15-00,50925.88,1.435,0.003,0.191,0.010,12.437,0.240
30703-01-16-00,50931.67,1.376,0.003,0.159,0.008,12.265,0.258
30703-01-17-00,50938.89,0.923,0.002,0.098,0.008,11.151,0.360
30703-01-18-00,50980.76,3.243,0.005,0.554,0.015,12.631,0.131
30703-01-19-00,50952.60,1.253,0.004,0.117,0.010,11.139,0.311
30703-01-20-00,50957.81,0.695,0.002,0.084,0.006,9.798,0.234
30703-01-21-00,50964.80,1.749,0.004,0.124,0.010,11.293,0.374
30703-01-22-00,50991.60,2.250,0.005,0.291,0.012,13.654,0.199
30703-01-22-01,50991.68,2.250,0.005,0.230,0.019,13.198,0.221
30703-01-23-00,51008.89,3.034,0.007,0.420,0.023,12.912,0.248
30703-01-23-01,51008.96,2.178,0.007,0.255,0.017,14.025,0.314
30703-01-24-00,51166.13,2.386,0.005,0.379,0.013,13.309,0.171
30703-01-24-01,51165.69,2.662,0.013,0.431,0.035,12.408,0.384
30703-01-24-02,51165.80,2.544,0.013,0.386,0.044,12.852,0.460
30703-01-31-00,51056.76,3.818,0.012,0.799,0.034,10.800,0.170
30703-01-33-00,51071.89,3.306,0.007,0.755,0.026,12.205,0.179
30703-01-34-00,51077.97,1.826,0.005,0.283,0.014,15.286,0.300
30703-01-35-00,51081.81,2.467,0.005,0.423,0.019,12.770,0.212
30703-01-36-00,51089.71,3.024,0.008,0.625,0.029,12.080,0.225
30703-01-41-00,51173.66,2.161,0.004,0.239,0.011,13.992,0.231
40115-01-10-00G,51542.70,2.137,0.005,0.340,0.011,12.972,0.143
40115-01-10-01,51542.59,2.336,0.006,0.225,0.016,11.952,0.222
40115-01-10-02,51542.52,2.694,0.007,0.292,0.015,11.822,0.195
40116-01-01-00,51356.21,1.987,0.007,0.219,0.010,13.905,0.389
40116-01-01-01,51356.28,2.350,0.007,0.267,0.015,13.339,0.239
40116-01-01-02,51356.35,2.198,0.005,0.219,0.014,13.571,0.259
40116-01-01-03,51356.41,2.065,0.005,0.228,0.013,13.603,0.242
40116-01-01-04,51357.21,1.508,0.006,0.139,0.014,13.112,0.447
40116-01-01-05,51357.28,1.354,0.006,0.147,0.010,12.948,0.337
40116-01-01-06,51357.35,1.469,0.005,0.157,0.012,13.105,0.319
40116-01-01-07,51357.41,1.592,0.005,0.187,0.012,13.724,0.284
40116-01-02-00,51358.21,2.337,0.007,0.232,0.019,13.898,0.345
40116-01-02-01,51358.28,2.106,0.007,0.228,0.018,13.532,0.316
40116-01-02-02,51358.35,2.157,0.006,0.217,0.014,13.775,0.270
40116-01-02-03,51358.41,2.197,0.005,0.236,0.013,13.991,0.243
40116-01-02-04,51359.21,3.507,0.011,0.397,0.034,10.961,0.252
40116-01-02-05,51359.28,3.130,0.007,0.345,0.023,12.352,0.267
40116-01-02-06,51359.34,2.817,0.007,0.284,0.016,12.596,0.245
40116-01-02-07,51359.41,2.781,0.006,0.281,0.015,13.049,0.217
40403-01-01-00,51202.91,2.591,0.008,0.477,0.024,13.395,0.256
40403-01-08-00,51331.37,2.479,0.003,0.310,0.007,13.432,0.105
40403-01-09-00,51367.27,2.041,0.002,0.301,0.006,15.198,0.109
40403-01-10-00,51588.44,4.939,0.011,0.461,0.031,5.927,0.131
40403-01-11-00,51602.33,4.339,0.010,0.696,0.028,7.927,0.105
40703-01-01-00,51179.06,2.266,0.003,0.313,0.010,14.413,0.166
40703-01-02-00,51186.07,3.575,0.006,0.740,0.017,10.992,0.102
40703-01-05-00,51221.04,4.204,0.005,0.842,0.016,9.641,0.037
40703-01-09-00,51264.91,2.781,0.005,0.371,0.015,12.668,0.175
40703-01-15-01,51325.06,2.197,0.006,0.216,0.013,13.573,0.288
40703-01-15-02,51325.13,2.346,0.007,0.207,0.021,13.252,0.612
40703-01-16-00,51331.98,1.849,0.005,0.210,0.013,13.587,0.269
40703-01-16-01,51332.05,1.816,0.006,0.241,0.016,13.776,0.263
40703-01-16-02,51332.12,1.762,0.005,0.189,0.013,13.086,0.291
40703-01-16-03,51332.18,1.726,0.005,0.177,0.013,13.077,0.253
40703-01-17-00,51336.05,2.766,0.007,0.326,0.016,13.123,0.235
40703-01-17-01,51336.11,2.861,0.005,0.412,0.013,12.798,0.138
40703-01-20-00,51361.88,5.113,0.015,0.598,0.039,5.287,0.119
40703-01-20-01,51361.94,5.616,0.021,0.686,0.049,4.314,0.125
40703-01-21-00,51369.88,2.354,0.006,0.193,0.014,13.936,0.434
40703-01-21-01,51370.03,2.441,0.005,0.290,0.012,14.460,0.219
40703-01-21-02,51369.96,2.562,0.008,0.250,0.019,12.856,0.325
40703-01-41-00,51518.48,1.475,0.005,0.187,0.014,12.368,0.251
40703-01-41-01,51518.55,1.505,0.007,0.165,0.017,11.696,0.351
40703-01-41-02,51518.61,1.580,0.007,0.171,0.018,11.748,0.382
40703-01-41-03,51518.68,1.639,0.009,0.180,0.019,11.150,0.388
40703-01-41-04,51533.54,1.994,0.007,0.275,0.016,12.424,0.255
40703-01-41-05,51533.61,1.910,0.005,0.168,0.013,11.762,0.302
40703-01-42-00,51525.49,1.424,0.005,0.101,0.013,11.037,0.515
40703-01-42-01,51525.60,1.350,0.010,0.219,0.042,11.523,0.418
40703-01-42-02,51525.56,1.338,0.006,0.128,0.013,11.787,0.406
40703-01-42-03,51525.67,1.312,0.005,0.138,0.013,11.820,0.369
40703-01-43-00,51533.47,2.109,0.006,0.208,0.014,11.902,0.280
40703-01-44-00,51540.46,2.470,0.006,0.243,0.014,11.797,0.217
40703-01-44-01,51540.53,2.285,0.008,0.235,0.017,11.635,0.238
40703-01-44-02,51540.59,2.336,0.006,0.324,0.014,12.309,0.176
40703-01-44-03,51546.44,1.517,0.004,0.131,0.010,11.900,0.283
40703-01-45-00,51546.51,1.638,0.005,0.206,0.020,12.597,0.556
40703-01-45-01,51546.58,1.730,0.006,0.214,0.015,12.194,0.271
40703-01-47-00,51560.41,2.082,0.003,0.283,0.008,13.725,0.121
40703-01-48-00,51567.34,1.847,0.003,0.186,0.008,13.851,0.201
40703-01-48-01,51567.46,1.857,0.007,0.252,0.017,14.735,0.338
40703-01-48-02,51567.52,2.002,0.009,0.192,0.022,13.526,0.484
40703-01-49-00,51574.33,2.389,0.006,0.243,0.020,13.777,0.311
40703-01-49-01,51574.40,2.185,0.007,0.245,0.021,14.739,0.389
40703-01-49-02,51574.47,2.223,0.010,0.207,0.019,13.395,0.474
40703-01-50-00,51581.32,2.141,0.006,0.228,0.016,14.274,0.348
40703-01-50-01,51581.46,2.151,0.008,0.236,0.018,14.182,0.359
40703-01-50-02,51581.38,2.045,0.008,0.202,0.014,13.728,0.368
40703-01-51-00,51595.28,3.255,0.008,0.472,0.022,12.236,0.128
40703-01-51-01,51595.41,2.694,0.008,0.337,0.018,13.841,0.159
40703-01-51-02,51595.35,2.962,0.007,0.350,0.017,12.394,0.218
40703-01-51-03,51595.48,2.611,0.006,0.249,0.017,13.478,0.308
50125-01-01-00,51738.26,3.187,0.007,0.338,0.022,12.244,0.261
50125-01-01-01,51738.33,3.617,0.009,0.437,0.027,10.863,0.199
50125-01-01-02,51738.39,3.419,0.006,0.396,0.016,11.636,0.165
50125-01-01-03,51738.46,3.025,0.007,0.350,0.017,12.760,0.217
50125-01-01-04,51738.53,2.772,0.007,0.322,0.018,12.928,0.231
50125-01-02-00,51739.39,2.138,0.003,0.263,0.009,15.267,0.177
50125-01-02-01,51739.33,2.260,0.005,0.176,0.010,13.726,0.271
50125-01-02-02,51739.25,2.293,0.006,0.200,0.013,14.211,0.322
50125-01-03-00,51740.26,3.267,0.004,0.656,0.012,13.062,0.052
50405-01-02-00,51656.38,2.142,0.006,0.280,0.014,12.966,0.239
50405-01-02-01,51656.45,2.164,0.007,0.298,0.019,13.133,0.281
50405-01-02-02,51656.51,2.380,0.007,0.378,0.023,12.791,0.275
50405-01-03-00,51657.31,2.890,0.006,0.486,0.019,11.947,0.165
50703-01-05-02,51731.09,2.528,0.011,0.341,0.026,13.264,0.385
50703-01-08-00,51668.09,3.394,0.009,0.745,0.026,11.697,0.151
50703-01-17-00,51730.90,2.959,0.008,0.300,0.021,12.442,0.293
50703-01-17-01,51730.98,2.787,0.010,0.329,0.025,12.635,0.378
50703-01-17-02,51731.05,2.730,0.013,0.308,0.030,12.652,0.274
50703-01-18-00,51737.88,3.080,0.010,0.413,0.023,12.532,0.270
50703-01-18-01,51737.95,2.548,0.008,0.268,0.024,13.316,0.316
50703-01-18-02,51738.02,2.725,0.009,0.296,0.023,13.392,0.358
50703-01-18-03,51738.09,2.662,0.011,0.300,0.026,13.602,0.420
50703-01-19-03,51744.07,4.654,0.013,0.478,0.035,6.530,0.156
50703-01-21-00,51758.87,2.027,0.004,0.183,0.011,13.944,0.276
50703-01-21-01,51758.94,2.062,0.005,0.247,0.012,14.878,0.235
50703-01-21-02,51759.00,2.042,0.004,0.205,0.012,14.609,0.279
50703-01-24-01,51779.98,4.090,0.019,0.588,0.046,8.520,0.230
50703-01-25-00,51786.78,2.479,0.009,0.299,0.022,14.074,0.432
50703-01-25-01,51786.96,3.088,0.011,0.457,0.025,12.178,0.236
50703-01-25-02,51786.85,2.546,0.008,0.292,0.025,13.418,0.362
50703-01-27-03,51799.92,3.787,0.013,0.620,0.039,9.863,0.222
50703-01-28-00,51808.68,3.730,0.011,0.727,0.035,10.296,0.189
50703-01-28-01,51808.75,3.523,0.011,0.729,0.039,11.060,0.235
50703-01-28-02,51808.82,3.348,0.010,0.664,0.034,11.880,0.232
50703-01-40-01,51891.55,5.695,0.026,0.680,0.060,4.353,0.143
50703-01-40-02,51891.61,5.230,0.020,0.529,0.045,5.004,0.159
50703-01-40-03,51891.68,5.230,0.027,0.530,0.054,5.128,0.209
50703-01-41-00,51897.44,6.229,0.024,0.876,0.066,3.797,0.096
50703-01-41-01,51897.51,4.927,0.018,0.660,0.052,6.107,0.148
50703-01-41-02,51897.58,4.278,0.013,0.513,0.035,8.461,0.184
50703-01-41-03,51897.65,4.094,0.014,0.456,0.039,9.250,0.276
50703-01-42-00,51902.49,2.004,0.005,0.144,0.010,12.379,0.294
50703-01-42-01,51902.56,2.016,0.007,0.143,0.016,11.833,0.310
50703-01-42-02,51902.62,2.055,0.005,0.126,0.005,12.415,0.378
50703-01-43-00,51912.43,1.334,0.005,0.140,0.010,12.117,0.274
50703-01-43-01,51912.56,1.330,0.005,0.174,0.012,12.423,0.275
50703-01-43-02,51912.50,1.326,0.004,0.132,0.011,12.231,0.302
50703-01-44-01,51967.29,2.551,0.006,0.299,0.016,13.239,0.259
50703-01-45-00,51940.37,3.705,0.011,0.369,0.025,9.562,0.208
50703-01-45-01,51940.44,4.012,0.014,0.476,0.041,8.698,0.266
50703-01-46-00,51947.34,2.715,0.009,0.311,0.023,12.901,0.307
50703-01-46-01,51947.40,3.226,0.010,0.347,0.020,11.704,0.238
50703-01-46-02,51947.47,3.736,0.012,0.450,0.039,10.329,0.317
50703-01-48-00,51961.32,5.239,0.013,0.686,0.027,5.544,0.089
50703-01-49-00,51967.35,2.613,0.005,0.301,0.012,12.826,0.156
50703-01-50-00,51976.30,1.570,0.003,0.153,0.008,14.599,0.262
50703-01-50-01,51976.43,1.562,0.004,0.152,0.010,14.591,0.289
50703-01-50-02,51976.26,1.617,0.006,0.155,0.015,14.113,0.434
50703-01-51-00,51982.20,2.183,0.004,0.241,0.012,14.692,0.266
50703-01-51-01,51982.26,2.144,0.004,0.182,0.009,13.863,0.230
50703-01-52-00,51997.21,1.937,0.005,0.191,0.015,15.139,0.371
50703-01-52-01,51997.28,1.969,0.007,0.202,0.016,14.413,0.401
50703-01-52-02,51997.34,1.896,0.008,0.180,0.017,13.807,0.497
50703-01-53-00,52004.16,2.342,0.007,0.259,0.017,14.178,0.319
50703-01-53-01,52004.24,2.514,0.007,0.269,0.019,13.743,0.315
50703-01-53-02,52004.30,2.559,0.008,0.247,0.022,13.367,0.345
50703-01-54-00,52011.19,1.966,0.005,0.214,0.015,14.870,0.345
50703-01-54-01,52011.26,1.900,0.006,0.227,0.014,15.358,0.319
50703-01-54-02,52011.32,1.939,0.006,0.224,0.017,14.891,0.377
50703-01-55-00,52016.16,2.681,0.007,0.270,0.015,13.217,0.264
50703-01-55-01,52016.22,2.842,0.004,0.317,0.010,13.431,0.143
50703-01-56-00,52025.16,3.011,0.004,0.392,0.012,12.899,0.137
50703-01-59-00,52045.07,2.195,0.009,0.210,0.021,13.922,0.513
50703-01-59-01,52045.14,2.147,0.008,0.200,0.022,14.463,0.530
50703-01-62-00,52065.99,4.558,0.012,0.586,0.028,7.496,0.124
50703-01-62-01,52066.06,4.513,0.016,0.648,0.037,7.444,0.154
50703-01-62-02,52066.13,4.626,0.013,0.638,0.033,7.396,0.131
50703-01-62-03,52066.19,4.332,0.010,0.551,0.028,7.865,0.123
50703-01-64-00,52077.97,2.193,0.005,0.229,0.011,13.728,0.237
50703-01-65-00,52090.89,3.130,0.006,0.376,0.017,12.290,0.182
50703-01-65-01,52096.95,1.918,0.008,0.187,0.017,14.088,0.454
50703-01-66-00,52096.88,1.896,0.006,0.192,0.016,14.220,0.407
50703-01-66-01,52097.02,1.895,0.011,0.186,0.023,13.427,0.583
50703-01-67-00,52112.91,2.181,0.005,0.207,0.013,14.414,0.313
50703-01-67-01,52112.98,2.208,0.005,0.189,0.013,13.636,0.328
50703-01-67-02,52113.05,2.177,0.006,0.203,0.015,13.880,0.355
60100-01-01-00,52126.14,2.226,0.004,0.165,0.008,14.197,0.242
60100-01-01-01,52128.19,2.271,0.005,0.182,0.011,13.918,0.275
60100-01-02-00,52127.14,4.368,0.011,0.606,0.024,7.710,0.096
60100-01-03-01,52128.13,2.347,0.005,0.203,0.011,14.031,0.249
60405-01-01-00,51992.89,2.823,0.007,0.394,0.020,13.109,0.254
60405-01-01-01,51993.08,2.027,0.005,0.195,0.012,13.605,0.289
60405-01-03-00,52126.00,2.728,0.003,0.314,0.010,13.739,0.138
60405-01-04-00,52099.08,2.170,0.011,0.230,0.023,13.739,0.500
60405-01-04-01,52100.11,2.540,0.007,0.231,0.018,13.939,0.357
60405-01-04-02,52101.10,2.315,0.010,0.276,0.022,13.958,0.439
60405-01-04-03,52099.12,2.236,0.008,0.237,0.018,14.760,0.351
60405-01-04-04,52099.18,2.335,0.009,0.200,0.019,14.287,0.502
60405-01-04-05,52100.24,2.744,0.006,0.221,0.015,13.431,0.295
60405-01-04-06,52100.31,2.988,0.008,0.339,0.022,13.237,0.299
60405-01-04-07,52101.00,2.690,0.010,0.266,0.024,13.320,0.404
60405-01-04-08,52101.06,2.424,0.009,0.200,0.022,13.218,0.521
60701-01-01-00,52122.97,2.260,0.005,0.258,0.013,14.221,0.261
60701-01-01-01,52123.03,2.077,0.004,0.182,0.010,14.100,0.262
60701-01-04-00,52148.75,4.534,0.014,0.670,0.036,7.817,0.144
60701-01-04-02,52148.93,4.387,0.019,0.479,0.051,7.582,0.280
60701-01-05-00,52157.76,3.080,0.006,0.186,0.014,12.319,0.263
60701-01-05-01,52157.90,3.098,0.007,0.210,0.015,12.225,0.296
60701-01-06-00,52162.72,4.103,0.007,0.351,0.020,9.066,0.171
60701-01-06-01,52162.86,4.564,0.008,0.322,0.020,7.207,0.143
60701-01-06-02,52162.79,4.166,0.009,0.368,0.022,8.779,0.173
60701-01-20-00,52276.47,5.382,0.012,0.865,0.041,7.766,0.143
60701-01-23-00,52296.35,2.062,0.004,0.172,0.009,12.677,0.217
60701-01-23-01,52296.43,2.102,0.004,0.214,0.009,13.008,0.194
60701-01-24-00,52304.38,0.571,0.003,0.047,0.009,9.310,0.498
60701-01-24-01,52304.45,0.584,0.004,0.062,0.011,9.786,0.558
60701-01-24-02,52304.52,0.582,0.005,0.034,0.008,8.248,0.785
60701-01-25-00,52312.31,0.617,0.003,0.067,0.008,9.577,0.347
60701-01-25-01,52312.38,0.612,0.003,0.080,0.009,9.667,0.363
60701-01-26-00,52318.31,0.819,0.003,0.083,0.007,9.852,0.318
60701-01-26-01,52318.39,0.869,0.004,0.078,0.008,10.408,0.376
60701-01-26-02,52318.45,0.940,0.004,0.069,0.007,10.120,0.411
60701-01-26-03,52318.52,0.967,0.005,0.109,0.012,10.677,0.384
60701-01-28-00,52339.30,0.466,0.001,0.055,0.004,8.746,0.175
60701-01-29-00,52354.22,0.616,0.003,0.095,0.021,9.569,0.794
60701-01-30-00,52360.19,1.624,0.006,0.148,0.018,12.136,0.305
60701-01-30-01,52360.26,1.577,0.006,0.140,0.012,12.110,0.356
60701-01-30-02,52360.33,1.585,0.005,0.180,0.010,13.183,0.260
60701-01-31-01,52372.20,5.217,0.026,0.452,0.108,5.973,0.627
60701-01-33-00,52388.09,1.030,0.003,0.109,0.009,10.698,0.247
60701-01-33-01,52388.17,0.976,0.003,0.100,0.009,10.642,0.311
60702-01-01-00,52106.34,4.491,0.007,0.475,0.016,7.238,0.091
60702-01-01-01,52106.10,4.005,0.014,0.484,0.034,9.050,0.215
60702-01-01-02,52106.03,4.333,0.012,0.451,0.030,7.618,0.160
60702-01-01-10,52107.20,4.807,0.016,0.567,0.038,6.963,0.155
70702-01-01-00,52394.17,0.875,0.002,0.093,0.005,10.263,0.196
70702-01-03-00,52410.09,2.402,0.017,0.200,0.044,11.934,0.600
70702-01-03-01,52410.16,2.387,0.008,0.199,0.017,12.445,0.336
70702-01-04-00,52416.02,4.946,0.017,0.654,0.052,5.812,0.177
70702-01-04-01,52416.09,4.936,0.016,0.581,0.044,6.039,0.133
70702-01-04-02,52416.16,5.427,0.023,0.627,0.059,4.552,0.160
70702-01-05-00,52422.02,2.547,0.007,0.293,0.018,12.607,0.249
70702-01-05-01,52422.09,2.180,0.006,0.179,0.012,12.429,0.300
70702-01-05-02,52422.16,2.249,0.007,0.248,0.019,12.906,0.309
70702-01-05-03,52422.23,2.152,0.007,0.214,0.018,12.634,0.360
70702-01-06-00,52430.99,1.359,0.007,0.127,0.016,14.620,0.689
70702-01-06-01,52431.05,1.420,0.005,0.136,0.019,13.614,0.514
70702-01-07-00,52438.04,1.493,0.005,0.183,0.013,15.671,0.382
70702-01-08-00,52766.05,0.954,0.003,0.107,0.010,11.776,0.349
70702-01-08-01,52766.12,1.028,0.005,0.072,0.009,10.621,0.504
70702-01-09-00,52452.15,1.981,0.008,0.234,0.019,15.665,0.452
70702-01-10-00,52458.97,2.310,0.009,0.238,0.021,14.332,0.436
70702-01-11-00,52465.04,1.856,0.007,0.233,0.024,16.218,0.558
70702-01-11-01,52464.97,1.888,0.008,0.236,0.023,15.878,0.529
70702-01-12-00,52472.88,2.835,0.009,0.373,0.024,11.679,0.273
70702-01-12-01,52473.01,2.673,0.012,0.397,0.034,11.985,0.378
70702-01-14-00,52486.85,2.881,0.009,0.408,0.025,11.784,0.270
70702-01-18-00,52513.77,3.091,0.011,0.247,0.023,11.060,0.285
70702-01-18-01,52513.84,3.197,0.012,0.347,0.026,11.559,0.292
70702-01-19-00,52520.75,2.761,0.007,0.354,0.017,15.301,0.277
70702-01-20-00,52527.73,4.314,0.012,0.717,0.033,9.640,0.146
70702-01-20-01,52527.81,4.276,0.011,0.606,0.035,9.545,0.167
70702-01-21-00,52535.71,3.491,0.008,0.395,0.022,11.992,0.236
70702-01-21-01,52535.77,3.168,0.007,0.368,0.018,13.083,0.216
70702-01-22-00,52542.69,4.704,0.012,0.446,0.028,6.777,0.180
70702-01-23-00,52550.72,3.451,0.005,0.334,0.013,11.777,0.163
70702-01-24-00,52556.65,2.584,0.004,0.177,0.009,12.783,0.197
70702-01-25-00,52564.65,4.045,0.013,0.447,0.029,8.620,0.208
70702-01-25-01,52564.72,4.347,0.013,0.406,0.033,7.393,0.183
70702-01-32-00,52772.03,2.885,0.007,0.319,0.017,12.012,0.229
70702-01-32-01,52772.11,2.718,0.007,0.274,0.016,12.031,0.261
70702-01-32-02,52772.17,2.628,0.011,0.213,0.023,11.278,0.293
70702-01-44-00,53045.34,3.216,0.006,0.350,0.015,11.460,0.163
70702-01-44-01,53045.47,3.963,0.007,0.466,0.017,10.520,0.120
70702-01-45-00,53054.39,5.256,0.011,0.562,0.048,6.541,0.356
70702-01-46-00,52717.23,4.396,0.013,0.717,0.027,10.078,0.141
70702-01-47-00,52725.20,1.144,0.005,0.097,0.014,10.829,0.542
70702-01-47-01,52725.27,1.007,0.005,0.102,0.011,11.803,0.461
70702-01-48-00,52732.17,1.797,0.004,0.193,0.011,13.355,0.247
70702-01-48-01,52732.24,1.709,0.005,0.222,0.013,13.815,0.251
70702-01-50-00,52745.18,0.865,0.003,0.073,0.006,10.724,0.298
70702-01-50-01,52745.26,0.851,0.003,0.122,0.011,11.950,0.286
70702-01-51-00,52752.22,0.815,0.003,0.087,0.010,10.544,0.381
70702-01-52-00,52760.11,1.385,0.003,0.114,0.007,11.578,0.236
70702-01-54-00,53077.27,1.218,0.005,0.134,0.010,12.143,0.328
70702-01-54-01,53077.33,1.095,0.006,0.109,0.014,12.224,0.549
70703-01-01-02,52365.14,4.979,0.010,0.448,0.027,7.000,0.163
70703-01-01-03,52365.21,3.858,0.009,0.434,0.026,9.935,0.186
70703-01-01-04,52365.28,3.409,0.007,0.363,0.018,10.932,0.188
70703-01-01-05,52365.35,3.043,0.007,0.398,0.016,11.100,0.141
70703-01-01-07,52365.65,2.938,0.005,0.307,0.015,11.243,0.157
70703-01-01-08,52365.72,2.525,0.005,0.213,0.012,9.177,0.310
70703-01-01-10,52366.13,2.737,0.006,0.275,0.015,11.423,0.206
70703-01-01-11,52366.20,3.026,0.007,0.383,0.021,11.438,0.185
70703-01-01-12,52366.27,2.745,0.008,0.306,0.017,11.584,0.207
70703-01-01-13,52366.34,2.798,0.009,0.345,0.022,11.829,0.236
70703-01-01-14,52362.80,2.628,0.004,0.422,0.008,12.401,0.079
80701-01-01-00,52780.06,1.114,0.003,0.088,0.008,11.066,0.334
80701-01-01-01,52780.13,1.176,0.004,0.115,0.010,10.939,0.315
80701-01-01-02,52780.19,1.340,0.005,0.131,0.013,11.498,0.354
80701-01-02-00,52786.03,1.651,0.006,0.204,0.013,12.186,0.246
80701-01-02-01,52786.11,1.894,0.007,0.201,0.014,12.397,0.298
80701-01-02-02,52786.17,2.110,0.010,0.233,0.021,12.001,0.347
80701-01-08-01,54033.74,4.678,0.016,0.481,0.037,7.384,0.209
80701-01-11-00,52835.88,2.855,0.007,0.355,0.021,13.121,0.286
80701-01-11-01,52836.01,2.725,0.008,0.334,0.029,14.032,0.374
80701-01-11-02,52835.95,2.870,0.008,0.355,0.021,13.308,0.284
80701-01-12-00,52843.96,3.056,0.007,0.417,0.022,13.264,0.223
80701-01-14-00,52848.88,4.159,0.013,0.768,0.034,8.891,0.153
80701-01-14-01,52848.95,3.487,0.008,0.554,0.031,11.551,0.224
80701-01-19-00,54051.56,3.852,0.010,0.505,0.028,10.054,0.208
80701-01-19-01,54051.64,3.834,0.010,0.432,0.031,9.963,0.217
80701-01-19-02,54051.70,3.729,0.011,0.471,0.034,10.466,0.266
80701-01-19-03,54051.77,3.469,0.011,0.394,0.030,11.232,0.305
80701-01-23-00,54060.53,2.672,0.007,0.229,0.017,13.232,0.352
80701-01-23-01,54060.60,2.594,0.008,0.208,0.022,13.008,0.255
80701-01-23-02,54060.72,2.867,0.008,0.384,0.018,12.859,0.225
80701-01-26-00,54067.52,2.538,0.003,0.233,0.008,13.968,0.154
80701-01-32-00,54073.61,2.102,0.003,0.201,0.007,15.056,0.171
80701-01-40-01,53001.60,3.394,0.005,0.331,0.013,11.059,0.147
80701-01-51-00,54078.47,2.218,0.003,0.201,0.008,14.270,0.164
80701-01-52-00,54090.54,3.807,0.012,0.445,0.029,10.114,0.243
80701-01-52-01,54090.60,4.246,0.014,0.463,0.033,8.592,0.233
80701-01-53-00,54097.47,3.137,0.009,0.484,0.030,12.464,0.276
80701-01-53-01,54097.54,2.910,0.009,0.420,0.031,13.131,0.352
80701-01-54-00,54100.41,2.821,0.009,0.396,0.022,13.171,0.273
80701-01-54-01,54100.55,3.248,0.011,0.572,0.029,12.413,0.222
80701-01-54-02,54100.48,2.759,0.008,0.345,0.023,13.386,0.304
80701-01-55-00,54111.41,2.854,0.006,0.299,0.016,13.535,0.242
80701-01-55-01,54111.47,2.828,0.007,0.334,0.016,13.319,0.109
80701-01-55-02,54111.54,2.615,0.004,0.266,0.009,14.091,0.155
80701-01-56-00,54118.40,2.554,0.002,0.146,0.004,13.084,0.126
80701-01-57-00,54124.36,2.064,0.002,0.160,0.004,13.909,0.131
80701-01-58-00,54131.36,3.021,0.004,0.246,0.011,12.904,0.192
80701-01-58-01,54131.56,2.924,0.007,0.253,0.017,12.771,0.303
80701-01-58-02,54131.43,2.944,0.009,0.273,0.021,13.288,0.367
80701-01-58-03,54131.49,2.926,0.009,0.292,0.021,12.794,0.329
80701-01-59-00,54137.35,2.853,0.006,0.161,0.015,12.849,0.340
80701-01-59-01,54137.42,2.769,0.009,0.200,0.019,12.441,0.418
80701-01-59-02,54137.52,2.765,0.007,0.162,0.018,12.218,0.430
80701-01-60-00,54144.35,4.107,0.010,0.404,0.022,9.794,0.176
80701-01-60-02,54144.49,4.092,0.012,0.358,0.033,9.309,0.232
80701-01-61-00,54151.28,3.535,0.007,0.366,0.020,11.740,0.216
80701-01-61-01,54151.35,3.654,0.009,0.387,0.026,10.851,0.213
80701-01-61-02,54151.49,3.353,0.009,0.367,0.027,12.380,0.313
80701-01-62-00,54159.27,2.459,0.007,0.275,0.016,12.957,0.260
80701-01-62-01,54159.34,2.391,0.007,0.251,0.015,12.385,0.275
80701-01-62-02,54159.40,2.458,0.008,0.289,0.019,12.842,0.322
90108-01-03-00,53125.12,1.738,0.006,0.151,0.014,11.043,0.332
90108-01-04-00,53126.10,1.418,0.005,0.125,0.015,11.022,0.348
90108-01-05-00,53127.09,1.496,0.005,0.126,0.014,10.932,0.349
90108-01-06-00,53128.14,1.109,0.005,0.083,0.010,9.845,0.401
90412-01-01-00,53132.51,2.424,0.002,0.247,0.004,12.521,0.081
90701-01-01-00,53089.21,0.891,0.005,0.126,0.013,10.856,0.320
90701-01-01-02,53089.34,0.912,0.006,0.136,0.016,11.011,0.445
90701-01-02-00,53094.19,0.799,0.004,0.074,0.009,9.513,0.329
90701-01-02-01,53094.26,0.821,0.003,0.084,0.008,10.020,0.336
90701-01-02-02,53094.33,0.805,0.004,0.076,0.009,9.839,0.347
90701-01-02-03,53094.40,0.777,0.003,0.117,0.013,10.930,0.335
90701-01-03-00,53100.22,0.552,0.003,0.065,0.007,8.522,0.311
90701-01-04-00,53109.30,0.828,0.003,0.058,0.007,9.745,0.375
90701-01-05-00,53117.11,0.691,0.004,0.076,0.012,9.089,0.279
90701-01-06-00,53122.10,2.372,0.006,0.206,0.012,12.221,0.257
90701-01-07-00,53131.09,2.210,0.006,0.181,0.013,12.056,0.277
90701-01-07-01,53131.16,2.159,0.007,0.189,0.014,11.959,0.304
90701-01-08-00,53137.06,3.624,0.007,0.305,0.020,9.937,0.192
90701-01-18-00,53204.91,3.502,0.006,0.612,0.018,12.111,0.135
90701-01-19-00,53214.88,2.120,0.002,0.147,0.005,14.266,0.171
90701-01-26-00,53264.88,2.747,0.005,0.186,0.011,14.139,0.304
90701-01-48-00,53416.47,1.822,0.006,0.190,0.017,12.917,0.373
90701-01-50-00,53431.38,1.691,0.008,0.209,0.021,13.371,0.397
90701-01-50-01,53431.31,1.707,0.006,0.215,0.018,13.224,0.325
91701-01-01-00,53439.31,1.002,0.005,0.141,0.014,12.308,0.362
91701-01-01-01,53439.44,1.011,0.006,0.115,0.016,10.928,0.402
91701-01-02-00,53446.25,1.250,0.007,0.160,0.019,12.168,0.403
91701-01-02-01,53446.38,1.338,0.006,0.161,0.015,13.562,0.387
91701-01-02-02,53446.45,1.254,0.006,0.196,0.013,13.398,0.313
91701-01-03-00,53448.21,0.749,0.003,0.067,0.007,10.073,0.369
91701-01-03-01,53448.28,0.708,0.004,0.064,0.007,10.511,0.452
91701-01-04-00,53456.27,1.195,0.004,0.148,0.011,12.466,0.245
91701-01-06-00,53472.26,3.277,0.010,0.424,0.029,11.406,0.252
91701-01-07-00,53479.24,1.798,0.007,0.212,0.018,12.186,0.334
91701-01-14-01,53740.53,1.882,0.007,0.208,0.017,12.221,0.346
91701-01-15-00,54173.40,2.949,0.004,0.145,0.009,12.256,0.230
91701-01-22-00,53794.31,2.469,0.008,0.274,0.020,13.393,0.365
91701-01-30-00,53788.42,4.153,0.020,0.787,0.068,9.077,0.317
91701-01-30-01,53788.28,4.170,0.015,0.668,0.046,8.440,0.223
91701-01-31-00,53646.76,3.080,0.007,0.350,0.021,11.882,0.235
91701-01-32-00,53653.77,1.605,0.005,0.157,0.012,12.690,0.321
91701-01-32-01,53653.70,1.648,0.004,0.161,0.009,12.779,0.239
91701-01-33-01,53659.98,5.690,0.023,0.661,0.095,3.888,0.437
91701-01-34-00,53669.68,2.785,0.006,0.392,0.015,12.222,0.158
91701-01-34-01,53669.75,2.949,0.005,0.325,0.014,11.856,0.162
91701-01-41-00,53718.56,1.615,0.002,0.122,0.005,10.867,0.152
91701-01-42-00,53723.46,2.779,0.004,0.210,0.008,11.897,0.165
91701-01-42-01,53723.54,2.539,0.004,0.207,0.009,12.121,0.187
91701-01-43-00,53730.41,2.417,0.005,0.217,0.010,12.513,0.187
91701-01-43-01,53730.50,2.166,0.008,0.240,0.019,12.504,0.339
91701-01-44-00,53740.46,1.647,0.007,0.219,0.017,12.614,0.299
91701-01-44-01,53740.60,1.864,0.008,0.163,0.018,11.957,0.422
91701-01-45-00,53744.45,1.714,0.007,0.138,0.019,11.293,0.501
91701-01-48-00,54183.21,4.200,0.005,0.330,0.012,9.796,0.114
91701-01-49-00,53771.50,1.274,0.004,0.110,0.008,12.247,0.298
91701-01-50-00,53778.30,2.126,0.005,0.247,0.012,13.905,0.228
91701-01-51-00,54193.19,2.896,0.008,0.251,0.016,12.115,0.296
91701-01-51-01,54193.26,2.959,0.008,0.237,0.018,12.011,0.315
91701-01-51-02,54193.32,2.998,0.009,0.218,0.018,12.410,0.357
91701-01-54-00,54213.99,4.228,0.007,0.407,0.016,9.405,0.132
91701-01-54-01,54214.06,3.898,0.010,0.452,0.024,10.841,0.181
91701-01-55-00,54222.10,1.988,0.001,0.071,0.002,15.700,0.167
91701-01-56-00,54229.11,2.109,0.003,0.072,0.003,14.593,0.293
91701-01-57-00,54235.13,2.853,0.009,0.240,0.021,13.993,0.383
91701-01-57-01,54235.19,2.859,0.008,0.239,0.017,14.478,0.368
91701-01-57-02,54235.26,2.916,0.007,0.232,0.016,14.633,0.363
91701-01-58-00,54243.14,3.640,0.013,0.398,0.030,10.246,0.302
91701-01-58-02,54243.25,4.207,0.020,0.595,0.057,8.824,0.278
91701-01-59-00,54251.19,2.984,0.012,0.368,0.028,11.934,0.316
91701-01-59-01,54251.12,2.829,0.013,0.396,0.028,12.567,0.337
91701-01-60-02,54256.16,4.332,0.010,0.465,0.026,8.391,0.145
91701-01-64-00,54615.07,0.959,0.003,0.075,0.007,10.365,0.362
91701-01-64-01,54615.19,1.040,0.003,0.088,0.007,10.775,0.311
91701-01-65-00,54619.06,0.706,0.002,0.045,0.006,9.755,0.379
91701-01-65-01,54619.12,0.648,0.004,0.058,0.008,9.158,0.510
91701-01-66-00,54628.14,0.920,0.003,0.077,0.006,10.302,0.279
91701-01-67-00,54633.05,0.642,0.002,0.052,0.005,9.134,0.288
91701-01-68-00,54642.95,4.086,0.014,0.426,0.033,9.387,0.207
91701-01-68-01,54643.02,3.075,0.011,0.244,0.029,10.231,0.348
91701-01-68-02,54643.12,2.829,0.010,0.249,0.023,10.996,0.344
91701-01-69-00,54644.98,2.751,0.008,0.269,0.020,11.041,0.277
91701-01-69-01,54645.05,2.454,0.009,0.187,0.020,11.167,0.430
91701-01-71-00,54660.93,5.943,0.037,0.773,0.112,3.637,0.217
91701-01-71-01,54661.00,5.872,0.047,0.802,0.106,3.949,0.190
91701-01-73-00,54673.03,1.284,0.003,0.092,0.007,11.462,0.266
91701-01-74-00,54679.05,2.609,0.006,0.271,0.015,13.059,0.218
91701-01-76-00,54697.85,3.136,0.012,0.368,0.034,11.703,0.346
91701-01-76-01,54697.92,2.727,0.009,0.234,0.021,12.475,0.412
91701-01-77-00,54702.83,3.996,0.015,0.703,0.044,9.667,0.232
91701-01-78-00,54711.71,2.371,0.007,0.279,0.019,14.033,0.333
91701-01-79-00,54717.73,2.642,0.007,0.302,0.022,13.441,0.329
91701-01-79-01,54717.79,3.053,0.009,0.400,0.025,12.464,0.275
91701-01-80-00,54723.80,3.345,0.008,0.472,0.022,11.427,0.185
92082-03-01-00,53834.83,3.982,0.006,0.831,0.020,10.730,0.101
92437-01-01-00,54228.97,2.402,0.004,0.169,0.009,15.643,0.257
92702-01-01-00,53803.27,2.940,0.010,0.484,0.028,12.565,0.290
92702-01-01-01,53803.34,2.913,0.008,0.361,0.025,12.312,0.289
92702-01-02-00,53809.23,1.976,0.006,0.247,0.017,14.962,0.357
92702-01-02-01,53809.30,2.058,0.007,0.276,0.017,14.471,0.341
92702-01-03-00,53815.19,2.638,0.007,0.390,0.024,12.963,0.273
92702-01-05-00,53829.20,2.778,0.009,0.541,0.034,12.529,0.296
92702-01-05-01,54011.68,2.963,0.009,0.190,0.018,12.050,0.248
92702-01-06-00,53837.15,2.358,0.010,0.334,0.030,12.249,0.384
92702-01-08-00,53851.09,3.988,0.011,0.557,0.031,10.636,0.209
92702-01-08-01,53851.16,4.406,0.016,0.822,0.039,10.144,0.172
92702-01-08-02,53851.23,4.319,0.012,0.546,0.030,9.641,0.186
92702-01-08-03,53851.30,3.760,0.014,0.539,0.038,11.127,0.295
92702-01-09-00,53859.22,3.819,0.005,0.472,0.015,11.182,0.122
92702-01-20-00,53933.90,3.330,0.011,0.383,0.016,13.662,0.266
92702-01-20-01,53934.00,3.598,0.011,0.353,0.022,14.108,0.347
92702-01-20-02,53934.06,3.609,0.009,0.281,0.018,13.023,0.309
92702-01-21-00,53939.85,2.699,0.003,0.085,0.007,14.411,0.425
92702-01-21-01,53939.96,2.615,0.006,0.150,0.012,13.763,0.414
92702-01-21-02,53940.05,2.623,0.007,0.129,0.013,13.682,0.524
92702-01-22-00,53947.91,4.706,0.014,0.590,0.039,7.035,0.142
92702-01-22-01,53947.83,4.834,0.013,0.697,0.032,7.331,0.130
92702-01-28-00,54005.86,5.115,0.014,0.725,0.038,6.628,0.123
92702-01-28-01,54005.79,4.987,0.012,0.624,0.029,7.020,0.113
92702-01-29-00,54011.75,3.302,0.006,0.424,0.012,12.107,0.123
92702-01-30-00,54019.66,4.097,0.006,0.694,0.018,10.358,0.095
92702-01-31-00,54589.09,1.069,0.003,0.071,0.006,11.841,0.362
92702-01-31-01,54589.27,1.111,0.004,0.091,0.010,12.017,0.451
92702-01-32-00,54597.08,0.988,0.003,0.082,0.008,11.941,0.402
92702-01-32-01,54597.15,0.942,0.004,0.086,0.011,11.488,0.459
92702-01-32-02,54597.22,1.042,0.005,0.100,0.015,12.026,0.528
92702-01-33-00,54605.06,0.985,0.003,0.089,0.008,11.312,0.325
94701-01-10-00,54895.16,2.977,0.009,0.346,0.015,13.816,0.247
94701-01-11-00,54900.70,2.139,0.004,0.154,0.009,13.620,0.278
94701-01-12-00,54909.23,1.316,0.003,0.058,0.005,12.672,0.457
94701-01-12-01,54909.30,1.265,0.003,0.062,0.006,12.743,0.461
94701-01-13-00,54914.46,2.584,0.008,0.307,0.017,14.093,0.296
94701-01-34-00,55063.80,3.856,0.006,0.221,0.011,10.399,0.187
94701-01-34-01,55063.87,3.839,0.015,0.195,0.025,9.684,0.291
94701-01-35-00,55068.96,4.317,0.010,0.403,0.019,10.019,0.183
94701-01-46-00,55144.52,4.099,0.019,0.588,0.057,9.237,0.359
94701-01-47-00,55150.54,4.670,0.016,0.598,0.046,6.853,0.190
95701-01-09-00,55258.24,2.173,0.007,0.243,0.014,14.775,0.322
95701-01-09-01,55258.31,2.061,0.006,0.209,0.014,14.732,0.351
95701-01-10-00,55265.57,4.950,0.014,0.350,0.032,6.634,0.216
95701-01-11-00,55271.32,2.338,0.005,0.134,0.010,13.548,0.369
95701-01-11-01,55271.25,2.337,0.004,0.143,0.011,14.364,0.329
95701-01-13-00,55286.41,2.977,0.007,0.288,0.020,12.836,0.299
95701-01-14-00,55290.67,4.607,0.020,0.472,0.054,7.171,0.287
95701-01-33-00,55424.96,2.677,0.008,0.316,0.018,13.391,0.269
95701-01-33-01,55424.89,2.474,0.007,0.211,0.016,13.167,0.328
95701-01-34-00,55434.58,4.391,0.016,0.451,0.037,8.980,0.255
95701-01-37-00,55453.66,2.703,0.012,0.276,0.029,12.463,0.339
95701-01-38-00,55460.65,1.785,0.005,0.153,0.011,14.234,0.380
95701-01-39-00,55467.98,3.467,0.009,0.373,0.029,11.215,0.263
95701-01-40-00,55473.52,4.818,0.011,0.436,0.029,6.371,0.145
95701-01-41-00,55481.62,4.645,0.012,0.485,0.030,6.884,0.155
95701-01-42-00,55489.79,2.217,0.005,0.227,0.012,14.695,0.282
95701-01-43-00,55496.59,4.543,0.012,0.711,0.030,8.211,0.130
95701-01-44-00,55501.55,2.329,0.007,0.275,0.016,14.162,0.317
95701-01-44-01,55501.68,2.334,0.012,0.234,0.033,13.287,0.621
95701-01-46-00,55515.62,4.043,0.017,0.684,0.040,9.900,0.255
96701-01-05-00,55592.46,3.647,0.013,0.389,0.025,12.341,0.329
96701-01-06-00,55600.29,4.552,0.011,0.687,0.026,8.802,0.149
96701-01-07-00,55608.29,1.738,0.007,0.186,0.016,12.368,0.382
96701-01-07-01,55608.36,1.720,0.008,0.167,0.018,11.887,0.404
96701-01-08-00,55615.28,2.478,0.007,0.251,0.018,13.496,0.322
96701-01-08-01,55615.35,2.596,0.007,0.240,0.016,13.190,0.317
96701-01-09-00,55622.26,2.052,0.004,0.168,0.012,14.068,0.303
96701-01-09-01,55622.33,1.862,0.005,0.117,0.012,13.433,0.465
96701-01-10-00,55628.27,5.220,0.014,0.499,0.034,5.078,0.126
96701-01-10-01,55628.34,6.125,0.015,0.622,0.042,3.847,0.097
96701-01-14-00,55657.16,4.674,0.019,0.492,0.052,6.513,0.194
96701-01-14-01,55657.23,4.542,0.013,0.343,0.038,7.169,0.218
96701-01-15-00,55664.15,2.882,0.008,0.243,0.020,12.786,0.324
96701-01-15-01,55664.21,3.079,0.007,0.220,0.018,12.645,0.316
96701-01-19-00,55692.21,3.521,0.010,0.414,0.026,11.303,0.241
96701-01-20-00,55698.09,2.607,0.004,0.186,0.010,13.388,0.221
96701-01-21-00,55705.04,4.871,0.011,0.344,0.026,6.693,0.162
96701-01-25-00,55913.14,2.600,0.006,0.294,0.013,12.129,0.166
96701-01-27-00,55747.00,2.678,0.006,0.373,0.019,14.786,0.280
96701-01-28-00,55751.89,4.080,0.014,0.553,0.031,8.983,0.146
96701-01-33-00,55927.09,4.036,0.007,0.454,0.019,9.569,0.143
96701-01-49-00,55901.47,3.047,0.006,0.417,0.014,11.793,0.134
96701-01-50-00,55909.45,2.002,0.006,0.170,0.013,10.861,0.296
96701-01-50-01,55909.52,1.945,0.007,0.175,0.018,10.883,0.344
96701-01-51-00,55915.51,1.616,0.006,0.143,0.011,11.058,0.323
96701-01-51-01,55915.58,1.562,0.005,0.127,0.011,11.461,0.343
96701-01-52-00,55921.43,3.456,0.011,0.559,0.024,11.606,0.178
96701-01-52-01,55921.50,4.074,0.008,0.362,0.026,9.660,0.224
